             (-0.0000000000000000,-0.0000000000000000)       (-3.85685936757892214E-002,-0.0000000000000000)        (1.08494854341986075E-009,-0.0000000000000000)        (6.46086650827776913E-011,-0.0000000000000000)       (-3.96354723930328404E-002,-0.0000000000000000)       (-2.39061731388779790E-011,-0.0000000000000000)        (3.80878607276818101E-003,-0.0000000000000000)        (1.24224445920310712E-002,-0.0000000000000000)       (-3.76746188625137150E-003,-0.0000000000000000)       (-1.10370757452630695E-003,-0.0000000000000000)        (8.83557676270728745E-003,-0.0000000000000000)        (1.26414144968997697E-003,-0.0000000000000000)       (-1.75377984574415094E-003,-0.0000000000000000)        (1.48833546386486111E-002,-0.0000000000000000)        (2.50331988880251851E-003,-0.0000000000000000)       (-4.58376334814504169E-003,-0.0000000000000000)        (1.32591321540020332E-002,-0.0000000000000000)       (-3.17609365569050759E-003,-0.0000000000000000)        (2.03029323955087292E-003,-0.0000000000000000)        (1.64879110500857906E-002,-0.0000000000000000)        (2.91695501004362928E-003,-0.0000000000000000)        (1.51946982303739569E-003,-0.0000000000000000)        (9.14558028509030764E-003,-0.0000000000000000)        (2.59138200337711818E-004,-0.0000000000000000)
        (3.85685936757892214E-002,-0.0000000000000000)        (1.89055767740586122E-022,-0.0000000000000000)        (8.24822149902151786E-010,-0.0000000000000000)        (3.96354719812341202E-002,-0.0000000000000000)       (-6.44186997464697317E-011,-0.0000000000000000)       (-4.31239913103141923E-010,-0.0000000000000000)       (-1.16718058017318046E-002,-0.0000000000000000)       (-3.17458668120843739E-003,-0.0000000000000000)        (7.15440442144157462E-004,-0.0000000000000000)       (-1.52586742212655248E-002,-0.0000000000000000)        (1.73790657313772456E-003,-0.0000000000000000)       (-3.62043801760749935E-003,-0.0000000000000000)       (-9.21089552747198295E-003,-0.0000000000000000)        (2.38797886405343884E-003,-0.0000000000000000)        (2.90499752160577711E-003,-0.0000000000000000)       (-1.26692839388800570E-002,-0.0000000000000000)        (3.89442998267917895E-003,-0.0000000000000000)       (-1.53449166246326743E-003,-0.0000000000000000)       (-9.44050424481975362E-003,-0.0000000000000000)       (-2.71962687515267011E-003,-0.0000000000000000)       (-1.98333169380996701E-003,-0.0000000000000000)       (-1.67828353425285917E-002,-0.0000000000000000)       (-2.20880338554482747E-003,-0.0000000000000000)        (3.51782306022874712E-003,-0.0000000000000000)
       (-1.08494854276374130E-009,-0.0000000000000000)       (-8.24822151471791312E-010,-0.0000000000000000)       (-9.75705001323681162E-021,-0.0000000000000000)        (3.00310274390472635E-010,-0.0000000000000000)        (3.66639963796433222E-010,-0.0000000000000000)        (1.72447750850676274E-013,-0.0000000000000000)        (9.78183872273373153E-003,-0.0000000000000000)       (-1.14193098601465919E-002,-0.0000000000000000)       (-5.27380090987169051E-003,-0.0000000000000000)        (4.99849304625973358E-003,-0.0000000000000000)        (1.41809760359452707E-002,-0.0000000000000000)       (-5.27380101638697755E-003,-0.0000000000000000)       (-1.47803316464834109E-002,-0.0000000000000000)       (-2.76166589860436665E-003,-0.0000000000000000)       (-5.27380126505991136E-003,-0.0000000000000000)        (1.09149604790910962E-002,-0.0000000000000000)        (1.10346743571630591E-002,-0.0000000000000000)        (5.27034107380721858E-003,-0.0000000000000000)       (-1.50137881269812330E-002,-0.0000000000000000)        (3.93529565750578170E-003,-0.0000000000000000)        (5.27034122356815748E-003,-0.0000000000000000)        (4.09882822765561452E-003,-0.0000000000000000)       (-1.49699698757811295E-002,-0.0000000000000000)        (5.27034160747090041E-003,-0.0000000000000000)
       (-6.46086650827776913E-011,-0.0000000000000000)       (-3.96354719812341133E-002,-0.0000000000000000)       (-3.00310274771609648E-010,-0.0000000000000000)       (-1.89055767740586122E-022,-0.0000000000000000)       (-3.85685936994301648E-002,-0.0000000000000000)       (-2.15790118136847819E-010,-0.0000000000000000)       (-4.58376329244161024E-003,-0.0000000000000000)        (1.32591320914354372E-002,-0.0000000000000000)       (-3.17609349905457897E-003,-0.0000000000000000)        (2.03029322686737804E-003,-0.0000000000000000)        (1.64879111559728848E-002,-0.0000000000000000)        (2.91695550432135046E-003,-0.0000000000000000)        (1.51946990957552933E-003,-0.0000000000000000)        (9.14558005816469739E-003,-0.0000000000000000)        (2.59138314516041640E-004,-0.0000000000000000)        (3.80878603686265246E-003,-0.0000000000000000)        (1.24224444309302857E-002,-0.0000000000000000)       (-3.76746161906845378E-003,-0.0000000000000000)       (-1.10370757713532715E-003,-0.0000000000000000)        (8.83557659587710063E-003,-0.0000000000000000)        (1.26414147894031979E-003,-0.0000000000000000)       (-1.75377981145908419E-003,-0.0000000000000000)        (1.48833547628091888E-002,-0.0000000000000000)        (2.50332031793165611E-003,-0.0000000000000000)
        (3.96354723930328404E-002,-0.0000000000000000)        (6.44186981980084725E-011,-0.0000000000000000)       (-3.66639963415849076E-010,-0.0000000000000000)        (3.85685936994301648E-002,-0.0000000000000000)        (3.78111535481172244E-022,-0.0000000000000000)        (1.17098672687339916E-009,-0.0000000000000000)       (-1.26692839831866640E-002,-0.0000000000000000)        (3.89442997832481356E-003,-0.0000000000000000)       (-1.53449148624821468E-003,-0.0000000000000000)       (-9.44050450972986656E-003,-0.0000000000000000)       (-2.71962696919216982E-003,-0.0000000000000000)       (-1.98333176110571975E-003,-0.0000000000000000)       (-1.67828352321744770E-002,-0.0000000000000000)       (-2.20880341574992891E-003,-0.0000000000000000)        (3.51782282318340283E-003,-0.0000000000000000)       (-1.16718057794148577E-002,-0.0000000000000000)       (-3.17458674245300844E-003,-0.0000000000000000)        (7.15440125056982261E-004,-0.0000000000000000)       (-1.52586741740063942E-002,-0.0000000000000000)        (1.73790658845715930E-003,-0.0000000000000000)       (-3.62043801137310267E-003,-0.0000000000000000)       (-9.21089581540313757E-003,-0.0000000000000000)        (2.38797891318221411E-003,-0.0000000000000000)        (2.90499757298992405E-003,-0.0000000000000000)
        (2.39061732206622761E-011,-0.0000000000000000)        (4.31239912285125851E-010,-0.0000000000000000)       (-1.72447747935289565E-013,-0.0000000000000000)        (2.15790118481605247E-010,-0.0000000000000000)       (-1.17098672699610376E-009,-0.0000000000000000)        (1.94336036253653016E-021,-0.0000000000000000)        (1.09149603978705607E-002,-0.0000000000000000)        (1.10346743303857252E-002,-0.0000000000000000)        (5.27034124834991832E-003,-0.0000000000000000)       (-1.50137883811156947E-002,-0.0000000000000000)        (3.93529565864125710E-003,-0.0000000000000000)        (5.27034118797015897E-003,-0.0000000000000000)        (4.09882808703080498E-003,-0.0000000000000000)       (-1.49699697492171342E-002,-0.0000000000000000)        (5.27034147567190421E-003,-0.0000000000000000)        (9.78183861790187653E-003,-0.0000000000000000)       (-1.14193097293843557E-002,-0.0000000000000000)       (-5.27380106414690811E-003,-0.0000000000000000)        (4.99849295425904179E-003,-0.0000000000000000)        (1.41809760148141183E-002,-0.0000000000000000)       (-5.27380081569032468E-003,-0.0000000000000000)       (-1.47803318867555517E-002,-0.0000000000000000)       (-2.76166585780976545E-003,-0.0000000000000000)       (-5.27380131831236415E-003,-0.0000000000000000)
       (-3.80878607276818101E-003,-0.0000000000000000)        (1.16718058017318046E-002,-0.0000000000000000)       (-9.78183872273373153E-003,-0.0000000000000000)        (4.58376329244161284E-003,-0.0000000000000000)        (1.26692839831866622E-002,-0.0000000000000000)       (-1.09149603978705607E-002,-0.0000000000000000)        (1.18159854837866329E-022,-0.0000000000000000)       (-1.34960120219898717E-002,-0.0000000000000000)        (8.59853904330803304E-003,-0.0000000000000000)       (-1.25344644051986139E-004,-0.0000000000000000)       (-2.95748328542276204E-004,-0.0000000000000000)       (-1.44773957172694158E-003,-0.0000000000000000)       (-7.47504123089939951E-005,-0.0000000000000000)       (-1.80223401379516320E-004,-0.0000000000000000)       (-9.06546179594965354E-004,-0.0000000000000000)        (2.97245277813338018E-011,-0.0000000000000000)       (-1.54579806714791367E-003,-0.0000000000000000)        (2.30250210903913894E-003,-0.0000000000000000)       (-3.62516410113232609E-004,-0.0000000000000000)       (-3.91813093302451759E-003,-0.0000000000000000)        (6.09040879824208122E-003,-0.0000000000000000)       (-1.70190207224958922E-004,-0.0000000000000000)       (-3.61057247581044859E-003,-0.0000000000000000)        (6.08439399684092361E-003,-0.0000000000000000)
       (-1.24224445920310712E-002,-0.0000000000000000)        (3.17458668120843609E-003,-0.0000000000000000)        (1.14193098601465919E-002,-0.0000000000000000)       (-1.32591320914354355E-002,-0.0000000000000000)       (-3.89442997832481312E-003,-0.0000000000000000)       (-1.10346743303857252E-002,-0.0000000000000000)        (1.34960120219898734E-002,-0.0000000000000000)       (-7.91671027413704407E-022,-0.0000000000000000)        (3.49759916804834032E-004,-0.0000000000000000)        (9.36045167080451729E-004,-0.0000000000000000)        (5.11124418461318501E-004,-0.0000000000000000)        (1.56613250460264724E-004,-0.0000000000000000)        (1.05157015279663812E-003,-0.0000000000000000)       (-3.11029138843202282E-004,-0.0000000000000000)       (-3.18111043637869133E-004,-0.0000000000000000)        (1.54579806258395291E-003,-0.0000000000000000)        (1.65373896469665339E-011,-0.0000000000000000)       (-2.60399526600961701E-004,-0.0000000000000000)        (3.76289595930908881E-003,-0.0000000000000000)        (2.58134331705404388E-004,-0.0000000000000000)        (8.75280991886958184E-004,-0.0000000000000000)        (4.07045434296042594E-003,-0.0000000000000000)        (2.74572464294530665E-004,-0.0000000000000000)       (-1.17612380898535034E-003,-0.0000000000000000)
        (3.76746188625137019E-003,-0.0000000000000000)       (-7.15440442144157462E-004,-0.0000000000000000)        (5.27380090987169137E-003,-0.0000000000000000)        (3.17609349905457767E-003,-0.0000000000000000)        (1.53449148624821511E-003,-0.0000000000000000)       (-5.27034124834991832E-003,-0.0000000000000000)       (-8.59853904330803304E-003,-0.0000000000000000)       (-3.49759916804834032E-004,-0.0000000000000000)        (1.93498578282489904E-019,-0.0000000000000000)       (-7.28765392983810891E-004,-0.0000000000000000)        (6.26036471751939116E-004,-0.0000000000000000)        (2.12710518632937317E-003,-0.0000000000000000)       (-8.59500867531636501E-004,-0.0000000000000000)       (-1.17547258487909340E-003,-0.0000000000000000)       (-2.12710518360436978E-003,-0.0000000000000000)       (-2.30250213954620066E-003,-0.0000000000000000)        (2.60399615067745404E-004,-0.0000000000000000)        (7.21110492907298436E-011,-0.0000000000000000)        (2.02364383557830652E-003,-0.0000000000000000)       (-5.85730164275512829E-003,-0.0000000000000000)       (-5.85590837889905791E-003,-0.0000000000000000)        (2.28718886754802377E-003,-0.0000000000000000)        (5.71208923762450953E-003,-0.0000000000000000)        (5.85590838731252922E-003,-0.0000000000000000)
        (1.10370757452630782E-003,-0.0000000000000000)        (1.52586742212655248E-002,-0.0000000000000000)       (-4.99849304625973531E-003,-0.0000000000000000)       (-2.03029322686737934E-003,-0.0000000000000000)        (9.44050450972986482E-003,-0.0000000000000000)        (1.50137883811156947E-002,-0.0000000000000000)        (1.25344644051986247E-004,-0.0000000000000000)       (-9.36045167080451512E-004,-0.0000000000000000)        (7.28765392983811325E-004,-0.0000000000000000)       (-1.89055767740586122E-022,-0.0000000000000000)       (-1.34960120854521713E-002,-0.0000000000000000)       (-4.60217045155608424E-003,-0.0000000000000000)        (6.29263692870937947E-004,-0.0000000000000000)       (-5.00371816262616849E-004,-0.0000000000000000)        (5.88238789663914161E-004,-0.0000000000000000)        (3.62516410824607253E-004,-0.0000000000000000)       (-3.76289597046731766E-003,-0.0000000000000000)       (-2.02364383592715854E-003,-0.0000000000000000)       (-3.62824729718930780E-012,-0.0000000000000000)       (-1.54579805630947610E-003,-0.0000000000000000)       (-9.25738529165538488E-004,-0.0000000000000000)        (3.57528941728527444E-005,-0.0000000000000000)       (-3.53295502303838018E-003,-0.0000000000000000)       (-3.80322001398563639E-003,-0.0000000000000000)
       (-8.83557676270728745E-003,-0.0000000000000000)       (-1.73790657313772456E-003,-0.0000000000000000)       (-1.41809760359452742E-002,-0.0000000000000000)       (-1.64879111559728814E-002,-0.0000000000000000)        (2.71962696919216982E-003,-0.0000000000000000)       (-3.93529565864125710E-003,-0.0000000000000000)        (2.95748328542276529E-004,-0.0000000000000000)       (-5.11124418461318393E-004,-0.0000000000000000)       (-6.26036471751939333E-004,-0.0000000000000000)        (1.34960120854521713E-002,-0.0000000000000000)        (1.89055767740586122E-022,-0.0000000000000000)        (7.27167336679009329E-003,-0.0000000000000000)        (7.31421729002712149E-004,-0.0000000000000000)       (-2.43484091006037777E-004,-0.0000000000000000)       (-1.33208585374591901E-003,-0.0000000000000000)        (3.91813093599881028E-003,-0.0000000000000000)       (-2.58134324905141181E-004,-0.0000000000000000)        (5.85730168825219534E-003,-0.0000000000000000)        (1.54579805780383976E-003,-0.0000000000000000)       (-3.44505360116851480E-011,-0.0000000000000000)        (2.12422503605075481E-003,-0.0000000000000000)        (4.14807184496558158E-003,-0.0000000000000000)       (-1.40135118021542706E-004,-0.0000000000000000)        (4.83680825248804062E-003,-0.0000000000000000)
       (-1.26414144968997719E-003,-0.0000000000000000)        (3.62043801760749935E-003,-0.0000000000000000)        (5.27380101638697755E-003,-0.0000000000000000)       (-2.91695550432134916E-003,-0.0000000000000000)        (1.98333176110571888E-003,-0.0000000000000000)       (-5.27034118797015984E-003,-0.0000000000000000)        (1.44773957172694115E-003,-0.0000000000000000)       (-1.56613250460264968E-004,-0.0000000000000000)       (-2.12710518632937317E-003,-0.0000000000000000)        (4.60217045155608510E-003,-0.0000000000000000)       (-7.27167336679009502E-003,-0.0000000000000000)       (-9.70801367347909730E-020,-0.0000000000000000)       (-1.77780745434732599E-004,-0.0000000000000000)       (-9.44147596289585632E-004,-0.0000000000000000)        (2.12710519122284855E-003,-0.0000000000000000)       (-6.09040877383525050E-003,-0.0000000000000000)       (-8.75281005531156151E-004,-0.0000000000000000)        (5.85590839757164482E-003,-0.0000000000000000)        (9.25738598722208265E-004,-0.0000000000000000)       (-2.12422504979766598E-003,-0.0000000000000000)       (-5.48865869533201476E-011,-0.0000000000000000)        (4.06075007750175514E-003,-0.0000000000000000)        (4.68117785630843553E-003,-0.0000000000000000)       (-5.85590839937267637E-003,-0.0000000000000000)
        (1.75377984574415029E-003,-0.0000000000000000)        (9.21089552747198469E-003,-0.0000000000000000)        (1.47803316464834092E-002,-0.0000000000000000)       (-1.51946990957552933E-003,-0.0000000000000000)        (1.67828352321744770E-002,-0.0000000000000000)       (-4.09882808703080585E-003,-0.0000000000000000)        (7.47504123089941035E-005,-0.0000000000000000)       (-1.05157015279663856E-003,-0.0000000000000000)        (8.59500867531636501E-004,-0.0000000000000000)       (-6.29263692870937839E-004,-0.0000000000000000)       (-7.31421729002712149E-004,-0.0000000000000000)        (1.77780745434732952E-004,-0.0000000000000000)       (-5.80779318499080542E-019,-0.0000000000000000)       (-1.34960116085892610E-002,-0.0000000000000000)       (-3.99636842922911333E-003,-0.0000000000000000)        (1.70190222927597764E-004,-0.0000000000000000)       (-4.07045430517618753E-003,-0.0000000000000000)       (-2.28718888587218019E-003,-0.0000000000000000)       (-3.57528685554921557E-005,-0.0000000000000000)       (-4.14807182708401990E-003,-0.0000000000000000)       (-4.06075000197176836E-003,-0.0000000000000000)        (3.39973502714601768E-012,-0.0000000000000000)       (-1.54579800537160391E-003,-0.0000000000000000)       (-1.37676364752879949E-003,-0.0000000000000000)
       (-1.48833546386486111E-002,-0.0000000000000000)       (-2.38797886405343971E-003,-0.0000000000000000)        (2.76166589860436709E-003,-0.0000000000000000)       (-9.14558005816469566E-003,-0.0000000000000000)        (2.20880341574992718E-003,-0.0000000000000000)        (1.49699697492171342E-002,-0.0000000000000000)        (1.80223401379516320E-004,-0.0000000000000000)        (3.11029138843202282E-004,-0.0000000000000000)        (1.17547258487909340E-003,-0.0000000000000000)        (5.00371816262617066E-004,-0.0000000000000000)        (2.43484091006037858E-004,-0.0000000000000000)        (9.44147596289585632E-004,-0.0000000000000000)        (1.34960116085892645E-002,-0.0000000000000000)             (-0.0000000000000000,-0.0000000000000000)       (-7.62143287346762552E-003,-0.0000000000000000)        (3.61057247874199856E-003,-0.0000000000000000)       (-2.74572481076311274E-004,-0.0000000000000000)       (-5.71208919502460763E-003,-0.0000000000000000)        (3.53295498803920995E-003,-0.0000000000000000)        (1.40135090330103504E-004,-0.0000000000000000)       (-4.68117787014712614E-003,-0.0000000000000000)        (1.54579801672645348E-003,-0.0000000000000000)       (-1.45729412994381047E-011,-0.0000000000000000)       (-1.86382560337140899E-003,-0.0000000000000000)
       (-2.50331988880251851E-003,-0.0000000000000000)       (-2.90499752160577624E-003,-0.0000000000000000)        (5.27380126505991136E-003,-0.0000000000000000)       (-2.59138314516041857E-004,-0.0000000000000000)       (-3.51782282318340283E-003,-0.0000000000000000)       (-5.27034147567190334E-003,-0.0000000000000000)        (9.06546179594965788E-004,-0.0000000000000000)        (3.18111043637869296E-004,-0.0000000000000000)        (2.12710518360436978E-003,-0.0000000000000000)       (-5.88238789663913836E-004,-0.0000000000000000)        (1.33208585374591923E-003,-0.0000000000000000)       (-2.12710519122284898E-003,-0.0000000000000000)        (3.99636842922911333E-003,-0.0000000000000000)        (7.62143287346762552E-003,-0.0000000000000000)        (1.93593106166360189E-019,-0.0000000000000000)       (-6.08439400884217430E-003,-0.0000000000000000)        (1.17612376079751098E-003,-0.0000000000000000)       (-5.85590837763601962E-003,-0.0000000000000000)        (3.80321996770935800E-003,-0.0000000000000000)       (-4.83680827805615336E-003,-0.0000000000000000)        (5.85590837268089390E-003,-0.0000000000000000)        (1.37676358115754638E-003,-0.0000000000000000)        (1.86382555261852879E-003,-0.0000000000000000)       (-1.23551978939851644E-011,-0.0000000000000000)
        (4.58376334814504342E-003,-0.0000000000000000)        (1.26692839388800587E-002,-0.0000000000000000)       (-1.09149604790910962E-002,-0.0000000000000000)       (-3.80878603686265116E-003,-0.0000000000000000)        (1.16718057794148594E-002,-0.0000000000000000)       (-9.78183861790187653E-003,-0.0000000000000000)       (-2.97245275877406968E-011,-0.0000000000000000)       (-1.54579806258395291E-003,-0.0000000000000000)        (2.30250213954620066E-003,-0.0000000000000000)       (-3.62516410824607199E-004,-0.0000000000000000)       (-3.91813093599880855E-003,-0.0000000000000000)        (6.09040877383525050E-003,-0.0000000000000000)       (-1.70190222927597221E-004,-0.0000000000000000)       (-3.61057247874199856E-003,-0.0000000000000000)        (6.08439400884217343E-003,-0.0000000000000000)        (4.72639419351465304E-023,-0.0000000000000000)       (-1.34960119689182100E-002,-0.0000000000000000)        (8.59853898976183084E-003,-0.0000000000000000)       (-1.25344643733279624E-004,-0.0000000000000000)       (-2.95748313993818171E-004,-0.0000000000000000)       (-1.44773951545678660E-003,-0.0000000000000000)       (-7.47503999743988036E-005,-0.0000000000000000)       (-1.80223417862340567E-004,-0.0000000000000000)       (-9.06546215022052942E-004,-0.0000000000000000)
       (-1.32591321540020384E-002,-0.0000000000000000)       (-3.89442998267917721E-003,-0.0000000000000000)       (-1.10346743571630591E-002,-0.0000000000000000)       (-1.24224444309302857E-002,-0.0000000000000000)        (3.17458674245300800E-003,-0.0000000000000000)        (1.14193097293843540E-002,-0.0000000000000000)        (1.54579806714791389E-003,-0.0000000000000000)       (-1.65373896466002383E-011,-0.0000000000000000)       (-2.60399615067745350E-004,-0.0000000000000000)        (3.76289597046731766E-003,-0.0000000000000000)        (2.58134324905141235E-004,-0.0000000000000000)        (8.75281005531156368E-004,-0.0000000000000000)        (4.07045430517618927E-003,-0.0000000000000000)        (2.74572481076311274E-004,-0.0000000000000000)       (-1.17612376079751077E-003,-0.0000000000000000)        (1.34960119689182100E-002,-0.0000000000000000)        (1.77239782256799482E-023,-0.0000000000000000)        (3.49760079586958455E-004,-0.0000000000000000)        (9.36045124821347852E-004,-0.0000000000000000)        (5.11124399898571892E-004,-0.0000000000000000)        (1.56613262171273595E-004,-0.0000000000000000)        (1.05157017565339671E-003,-0.0000000000000000)       (-3.11029158118543208E-004,-0.0000000000000000)       (-3.18111039340088794E-004,-0.0000000000000000)
        (3.17609365569050889E-003,-0.0000000000000000)        (1.53449166246326764E-003,-0.0000000000000000)       (-5.27034107380721945E-003,-0.0000000000000000)        (3.76746161906845291E-003,-0.0000000000000000)       (-7.15440125056982586E-004,-0.0000000000000000)        (5.27380106414690811E-003,-0.0000000000000000)       (-2.30250210903913894E-003,-0.0000000000000000)        (2.60399526600961701E-004,-0.0000000000000000)       (-7.21110491457240741E-011,-0.0000000000000000)        (2.02364383592715854E-003,-0.0000000000000000)       (-5.85730168825219534E-003,-0.0000000000000000)       (-5.85590839757164569E-003,-0.0000000000000000)        (2.28718888587217976E-003,-0.0000000000000000)        (5.71208919502460676E-003,-0.0000000000000000)        (5.85590837763601962E-003,-0.0000000000000000)       (-8.59853898976183258E-003,-0.0000000000000000)       (-3.49760079586957642E-004,-0.0000000000000000)       (-1.93404050398619595E-019,-0.0000000000000000)       (-7.28765388453135035E-004,-0.0000000000000000)        (6.26036405856853829E-004,-0.0000000000000000)        (2.12710509419151332E-003,-0.0000000000000000)       (-8.59500870632591758E-004,-0.0000000000000000)       (-1.17547264774557386E-003,-0.0000000000000000)       (-2.12710524775476095E-003,-0.0000000000000000)
       (-2.03029323955087465E-003,-0.0000000000000000)        (9.44050424481975882E-003,-0.0000000000000000)        (1.50137881269812330E-002,-0.0000000000000000)        (1.10370757713532802E-003,-0.0000000000000000)        (1.52586741740063942E-002,-0.0000000000000000)       (-4.99849295425904266E-003,-0.0000000000000000)        (3.62516410113233802E-004,-0.0000000000000000)       (-3.76289595930908881E-003,-0.0000000000000000)       (-2.02364383557830782E-003,-0.0000000000000000)        (3.62824718886035265E-012,-0.0000000000000000)       (-1.54579805780384019E-003,-0.0000000000000000)       (-9.25738598722208698E-004,-0.0000000000000000)        (3.57528685554929282E-005,-0.0000000000000000)       (-3.53295498803920865E-003,-0.0000000000000000)       (-3.80321996770935930E-003,-0.0000000000000000)        (1.25344643733279435E-004,-0.0000000000000000)       (-9.36045124821348502E-004,-0.0000000000000000)        (7.28765388453135035E-004,-0.0000000000000000)        (3.86808100797239190E-019,-0.0000000000000000)       (-1.34960118755685539E-002,-0.0000000000000000)       (-4.60217026830177234E-003,-0.0000000000000000)        (6.29263704795485017E-004,-0.0000000000000000)       (-5.00371811941087929E-004,-0.0000000000000000)        (5.88238775331623056E-004,-0.0000000000000000)
       (-1.64879110500857941E-002,-0.0000000000000000)        (2.71962687515267011E-003,-0.0000000000000000)       (-3.93529565750578170E-003,-0.0000000000000000)       (-8.83557659587710063E-003,-0.0000000000000000)       (-1.73790658845715995E-003,-0.0000000000000000)       (-1.41809760148141183E-002,-0.0000000000000000)        (3.91813093302451759E-003,-0.0000000000000000)       (-2.58134331705404713E-004,-0.0000000000000000)        (5.85730164275512916E-003,-0.0000000000000000)        (1.54579805630947567E-003,-0.0000000000000000)        (3.44505360117796728E-011,-0.0000000000000000)        (2.12422504979766598E-003,-0.0000000000000000)        (4.14807182708401816E-003,-0.0000000000000000)       (-1.40135090330101959E-004,-0.0000000000000000)        (4.83680827805615336E-003,-0.0000000000000000)        (2.95748313993818279E-004,-0.0000000000000000)       (-5.11124399898572001E-004,-0.0000000000000000)       (-6.26036405856853937E-004,-0.0000000000000000)        (1.34960118755685470E-002,-0.0000000000000000)             (-0.0000000000000000,-0.0000000000000000)        (7.27167331438032579E-003,-0.0000000000000000)        (7.31421750378428125E-004,-0.0000000000000000)       (-2.43484091166578303E-004,-0.0000000000000000)       (-1.33208586092110805E-003,-0.0000000000000000)
       (-2.91695501004362754E-003,-0.0000000000000000)        (1.98333169380996701E-003,-0.0000000000000000)       (-5.27034122356815835E-003,-0.0000000000000000)       (-1.26414147894031979E-003,-0.0000000000000000)        (3.62043801137310181E-003,-0.0000000000000000)        (5.27380081569032468E-003,-0.0000000000000000)       (-6.09040879824208035E-003,-0.0000000000000000)       (-8.75280991886959701E-004,-0.0000000000000000)        (5.85590837889905791E-003,-0.0000000000000000)        (9.25738529165538271E-004,-0.0000000000000000)       (-2.12422503605075438E-003,-0.0000000000000000)        (5.48865870015293711E-011,-0.0000000000000000)        (4.06075000197176836E-003,-0.0000000000000000)        (4.68117787014712700E-003,-0.0000000000000000)       (-5.85590837268089390E-003,-0.0000000000000000)        (1.44773951545678638E-003,-0.0000000000000000)       (-1.56613262171274002E-004,-0.0000000000000000)       (-2.12710509419151332E-003,-0.0000000000000000)        (4.60217026830177321E-003,-0.0000000000000000)       (-7.27167331438032753E-003,-0.0000000000000000)       (-6.61695187092051462E-022,-0.0000000000000000)       (-1.77780777727630041E-004,-0.0000000000000000)       (-9.44147606568068775E-004,-0.0000000000000000)        (2.12710521920399936E-003,-0.0000000000000000)
       (-1.51946982303739504E-003,-0.0000000000000000)        (1.67828353425285917E-002,-0.0000000000000000)       (-4.09882822765561365E-003,-0.0000000000000000)        (1.75377981145908419E-003,-0.0000000000000000)        (9.21089581540313930E-003,-0.0000000000000000)        (1.47803318867555517E-002,-0.0000000000000000)        (1.70190207224958949E-004,-0.0000000000000000)       (-4.07045434296042681E-003,-0.0000000000000000)       (-2.28718886754802507E-003,-0.0000000000000000)       (-3.57528941728537135E-005,-0.0000000000000000)       (-4.14807184496558071E-003,-0.0000000000000000)       (-4.06075007750175600E-003,-0.0000000000000000)       (-3.39973502714601768E-012,-0.0000000000000000)       (-1.54579801672645348E-003,-0.0000000000000000)       (-1.37676358115754660E-003,-0.0000000000000000)        (7.47503999743989527E-005,-0.0000000000000000)       (-1.05157017565339693E-003,-0.0000000000000000)        (8.59500870632592300E-004,-0.0000000000000000)       (-6.29263704795484909E-004,-0.0000000000000000)       (-7.31421750378428341E-004,-0.0000000000000000)        (1.77780777727630014E-004,-0.0000000000000000)        (1.93782161934100782E-019,-0.0000000000000000)       (-1.34960118716051479E-002,-0.0000000000000000)       (-3.99636855160011035E-003,-0.0000000000000000)
       (-9.14558028509030764E-003,-0.0000000000000000)        (2.20880338554482573E-003,-0.0000000000000000)        (1.49699698757811330E-002,-0.0000000000000000)       (-1.48833547628091888E-002,-0.0000000000000000)       (-2.38797891318221411E-003,-0.0000000000000000)        (2.76166585780976588E-003,-0.0000000000000000)        (3.61057247581044989E-003,-0.0000000000000000)       (-2.74572464294532183E-004,-0.0000000000000000)       (-5.71208923762450867E-003,-0.0000000000000000)        (3.53295502303837975E-003,-0.0000000000000000)        (1.40135118021543845E-004,-0.0000000000000000)       (-4.68117785630843639E-003,-0.0000000000000000)        (1.54579800537160326E-003,-0.0000000000000000)        (1.45729409121573667E-011,-0.0000000000000000)       (-1.86382555261852879E-003,-0.0000000000000000)        (1.80223417862340567E-004,-0.0000000000000000)        (3.11029158118542937E-004,-0.0000000000000000)        (1.17547264774557365E-003,-0.0000000000000000)        (5.00371811941087603E-004,-0.0000000000000000)        (2.43484091166578384E-004,-0.0000000000000000)        (9.44147606568068558E-004,-0.0000000000000000)        (1.34960118716051514E-002,-0.0000000000000000)        (1.89055767740586122E-022,-0.0000000000000000)       (-7.62143302218346724E-003,-0.0000000000000000)
       (-2.59138200337712197E-004,-0.0000000000000000)       (-3.51782306022874712E-003,-0.0000000000000000)       (-5.27034160747090127E-003,-0.0000000000000000)       (-2.50332031793165525E-003,-0.0000000000000000)       (-2.90499757298992318E-003,-0.0000000000000000)        (5.27380131831236415E-003,-0.0000000000000000)       (-6.08439399684092361E-003,-0.0000000000000000)        (1.17612380898535034E-003,-0.0000000000000000)       (-5.85590838731253008E-003,-0.0000000000000000)        (3.80322001398563639E-003,-0.0000000000000000)       (-4.83680825248804149E-003,-0.0000000000000000)        (5.85590839937267724E-003,-0.0000000000000000)        (1.37676364752879949E-003,-0.0000000000000000)        (1.86382560337140942E-003,-0.0000000000000000)        (1.23551978943632764E-011,-0.0000000000000000)        (9.06546215022052725E-004,-0.0000000000000000)        (3.18111039340089011E-004,-0.0000000000000000)        (2.12710524775476095E-003,-0.0000000000000000)       (-5.88238775331623165E-004,-0.0000000000000000)        (1.33208586092110784E-003,-0.0000000000000000)       (-2.12710521920399936E-003,-0.0000000000000000)        (3.99636855160011035E-003,-0.0000000000000000)        (7.62143302218346724E-003,-0.0000000000000000)        (3.78111535481172244E-022,-0.0000000000000000)
