               (11.906807774239667,0.0000000000000000)         (1.20258775073019036E-010,0.0000000000000000)         (9.29174971121610196E-010,0.0000000000000000)       (-1.6013696698227915,-8.66425186642390983E-018)  (-4.28937595724180091E-010,1.59729013568299432E-017) (-3.47632635805232973E-011,-4.21261075960694684E-018)       (-2.1312891271485124,-1.96548291086586720E-016)         (1.1718027321012907,6.32276975311479405E-017)        (1.5599715936293643,-8.97173379957371584E-017)      (-0.56159427250896854,-1.83449766692712581E-016)  (-5.43936806685207525E-002,4.24911693798976801E-017)   (5.04533161402256972E-002,1.92722424025991436E-017)       (-2.4083589439592412,-1.52128309293599615E-016)       (-0.80069109495027424,1.07721618332613783E-017)        (-1.6104249103264430,4.87576891990694729E-017)        (-2.1453235602928693,3.95758020502877942E-017)        (-1.2004768518464182,3.49379954492429837E-017)       (-1.5911740795469558,-3.92200074619387905E-017)       (-2.4775875726719505,-2.56365141816786749E-016)        (0.79749860341914514,3.44122133121601249E-017)         (1.6108642374919233,2.81464927656850759E-017)       (-0.58115806600710496,6.28425909333946480E-017)   (8.62599517616882833E-002,8.01954566772395412E-017) (-1.96901583528570311E-002,-2.94518090604866007E-019)
         (1.20258775073019036E-010,0.0000000000000000)               (11.906807773213654,0.0000000000000000)         (5.12249483285511994E-010,0.0000000000000000)   (4.01590416701505395E-010,1.59729013568299432E-017)        (-1.6013696697139426,3.23757857312947879E-017) (-2.92664571942852189E-010,-8.33883379983152907E-018)        (0.96065742791535902,6.32276975311479405E-017)       (-1.2695391017783713,-5.04347788698265631E-017)       (-0.95890849092765784,7.85534981935367662E-017)       (-0.26553898508447654,4.24911693798976801E-017)       (-2.8392339563148821,-1.80458509560669723E-017)        (1.8304292748381106,-7.53749763526765542E-017)        (-1.0118363992587527,1.07721618332614075E-017)      (-0.99246928549813085,-7.04732042241160333E-017)       (-0.87152078400182276,7.30814801622541693E-017)       (-0.98933132074788166,3.49379954492429837E-017)        (-1.3240559058691110,5.83646439235824725E-017)      (-0.94140101925800024,-2.37758197868229734E-017)         (1.0086441347617330,3.44122133121601002E-017)      (-0.99179189315945526,-1.20930553964984736E-016)      (-0.90729666488782201,-7.52574678057331804E-018)        (0.29740548288758911,8.01954566772395536E-017)        (-2.8882213994568469,4.80279796397827479E-017)        (1.8486976838644524,-2.83519608651033558E-017)
         (9.29173622529114653E-010,0.0000000000000000)         (5.12249146137388108E-010,0.0000000000000000)               (11.778313480176609,0.0000000000000000)  (4.44669224169174622E-011,-4.21261075960694838E-018)  (4.31882088041428710E-011,-8.33883379983153061E-018)         (2.4049440394587949,1.34437948514947905E-018)        (1.3899974026524957,-8.97173379957371584E-017)       (-0.99018235890285333,7.85534981935367662E-017)       (-2.3392382757476913,-2.85773212475985923E-017)        (0.16252437570580891,1.92722424025991405E-017)        (1.6988642414020663,-7.53749763526765419E-017)       (-2.3392382757750969,-4.60789819648733434E-018)        (-1.5525217789431416,4.87576891990694729E-017)       (-0.70868188274750177,7.30814801622541816E-017)       (-2.3392382761050245,-1.02147614353361642E-017)       (-1.4119693213314330,-3.92200074619387905E-017)       (-1.0079528120887769,-2.37758197868229642E-017)       (-2.3883998976891796,-4.44617366870136582E-017)         (1.5788974014087429,2.81464927656850636E-017)      (-0.71882489546666506,-7.52574678057331034E-018)        (-2.3883998972287475,1.88076773690795625E-017)      (-0.16692808053653091,-2.94518090604873037E-019)        (1.7267777070937431,-2.83519608651033619E-017)       (-2.3883998972524743,-1.04244323571435656E-017)
        (-1.6013696698227915,8.66425186642390983E-018)  (4.01590922423691224E-010,-1.59729013568299432E-017)   (4.44671331344948908E-011,4.21261075960694684E-018)               (11.906807675583440,0.0000000000000000)         (2.41750281048127713E-010,0.0000000000000000)         (8.19521656428727457E-010,0.0000000000000000)       (-2.1453235602168346,-3.93981249856221118E-017)       (-1.2004768517609159,-3.49209165474013845E-017)        (-1.5911740793233222,3.94577716172277108E-017)        (-2.4775875724090826,5.91518648794145931E-017)        (0.79749860340292900,1.36218627420439506E-016)         (1.6108642373050051,1.27931434133642621E-018)      (-0.58115806594288821,-6.25985666804452645E-017)  (8.62599517709125574E-002,-8.02579166984709765E-017)  (-1.96901583733056912E-002,1.64866139471103822E-019)       (-2.1312891271291194,-7.48565450231317170E-019)        (1.1718027320736044,-6.32185887745203139E-017)         (1.5599715934828080,2.94831868531044442E-017)       (-0.56159427240599724,1.83743140454475740E-016) (-5.43936807355498084E-002,-4.22985843428220869E-017)  (5.04533161077822673E-002,-1.91729768778191168E-017)        (-2.4083589436721229,1.03066525671689239E-016)      (-0.80069109496076851,-9.61602082211257390E-017)       (-1.6104249101039756,-1.82226386905585754E-017)
 (-4.28937174289186017E-010,-1.59729013568299432E-017)       (-1.6013696697139426,-3.23757857312947879E-017)   (4.31883773782048138E-011,8.33883379983152907E-018)         (2.41750955344375485E-010,0.0000000000000000)               (11.906807674760424,0.0000000000000000)         (5.19269689197808794E-010,0.0000000000000000)      (-0.98933132065651996,-3.49209165474013845E-017)       (-1.3240559056949415,-5.84125378359924830E-017)       (-0.94140101923745778,2.37333301007024339E-017)         (1.0086441345973425,1.36218627420439506E-016)       (-0.99179189297295123,1.21055923360131957E-016)       (-0.90729666489290806,5.91160703878568178E-017)       (0.29740548292186092,-8.02579166984709765E-017)       (-2.8882213993147241,-4.76856789612155225E-017)         (1.8486976838697895,2.84755808212495775E-017)       (0.96065742779508989,-6.32185887745203015E-017)        (-1.2695391016475666,5.04550633345089450E-017)      (-0.95890849098299624,-7.86019591983377582E-017)      (-0.26553898511644874,-4.22985843428220930E-017)        (-2.8392339560947062,1.81996749573451987E-017)         (1.8304292747838382,7.49830444423286932E-017)       (-1.0118363991014316,-9.61602082211257390E-017)      (-0.99246928534144707,-7.75855063624192882E-017)      (-0.87152078397537447,-2.10602386380505678E-017)
  (-3.47630528629458688E-011,4.21261075960694838E-018)  (-2.92664403368790246E-010,8.33883379983153061E-018)        (2.4049440394587949,-1.34437948514947905E-018)         (8.19522162150913285E-010,0.0000000000000000)         (5.19266317716569938E-010,0.0000000000000000)               (11.778313381829847,0.0000000000000000)        (-1.4119693212458631,3.94577716172277108E-017)        (-1.0079528119244667,2.37333301007024339E-017)        (-2.3883998974554221,4.46497935832722654E-017)         (1.5788974012649153,1.27931434133643083E-018)       (-0.71882489533375904,5.91160703878568301E-017)        (-2.3883998971154217,1.72100098654039713E-017)       (-0.16692808051532002,1.64866139471102354E-019)         (1.7267777071407588,2.84755808212495775E-017)        (-2.3883998970442697,1.13209894067492730E-017)         (1.3899974026765742,2.94831868531044503E-017)      (-0.99018235878612471,-7.86019591983377335E-017)        (-2.3392382754928538,9.98022398174677178E-018)       (0.16252437571865025,-1.91729768778191138E-017)         (1.6988642414045521,7.49830444423286932E-017)        (-2.3392382755838490,5.24811262002729128E-018)       (-1.5525217787224479,-1.82226386905585785E-017)      (-0.70868188259565656,-2.10602386380505740E-017)       (-2.3392382760022636,-8.17803634198451452E-018)
        (-2.1312891271485124,1.96548291086586720E-016)       (0.96065742791535869,-6.32276975311479405E-017)         (1.3899974026524951,8.97173379957371584E-017)        (-2.1453235602168350,3.93981249856221118E-017)       (-0.98933132065651941,3.49209165474013845E-017)       (-1.4119693212458633,-3.94577716172277108E-017)               (7.1182979607069603,0.0000000000000000)         (4.24292399980214022E-002,0.0000000000000000)         (7.27772738728957591E-002,0.0000000000000000)       (-0.97396090947575620,4.34801735951228526E-019)       (0.34073026776961152,-4.41605466077842038E-018)  (8.41030984181860980E-002,-5.70972927775800604E-019)       (-0.95555900462212739,9.73236261850671204E-019)       (-0.35135461261419693,3.66774512275744550E-018) (-6.22714383821054498E-002,-2.68188304101017848E-019)   (1.65588492051271900E-002,9.50874899120172345E-018)   (2.28539863520013237E-002,3.96632649790351856E-018)   (5.88716828690352342E-002,8.68696790833341709E-018)       (-0.48686596064828996,9.56016727009157580E-018)        (0.36926553266791945,3.36644131275885352E-021)      (-0.13081291652186774,-1.33444699300342582E-018)      (-0.44185817745601869,-1.43247724477617832E-018)      (-0.39525078842556205,-5.49823776768027205E-018)  (-6.95432990499448038E-004,4.77408856194599757E-018)
        (1.1718027321012909,-6.32276975311479405E-017)        (-1.2695391017783713,5.04347788698265631E-017)      (-0.99018235890285300,-7.85534981935367662E-017)        (-1.2004768517609159,3.49209165474013845E-017)        (-1.3240559056949415,5.84125378359924830E-017)       (-1.0079528119244667,-2.37333301007024339E-017)         (4.24292399981026983E-002,0.0000000000000000)               (4.0130654777911223,0.0000000000000000)               (2.5438198526216325,0.0000000000000000)       (0.42204877714523753,-4.41605466077842038E-018)      (-0.50903434818489834,-4.35406728656711032E-018)  (-5.41637946816862503E-002,2.80546848402195612E-018)       (-0.43267312266376229,3.66774512275744550E-018)       (-0.52743625465036414,3.03017796421522845E-018) (-7.02182080610316561E-002,-3.02836492752716273E-018)   (2.28539876812823145E-002,3.96632649790351933E-018)       (-0.31126215131407609,1.15141996686516293E-017)      (-0.60151568327496308,-2.60481756190193307E-018)        (0.34692045859387322,3.36644131275826897E-021)  (-1.33654077984429066E-002,8.96771081154661910E-019) (-7.57407058051479988E-003,-5.03011045403951862E-018)      (-0.37290571568634345,-5.49823776768026974E-018) (-5.83731918671802213E-002,-1.11401056810354759E-017)       (0.18778733761500366,-9.71300990556038773E-018)
         (1.5599715936293643,8.97173379957371584E-017)      (-0.95890849092765795,-7.85534981935367662E-017)        (-2.3392382757476908,2.85773212475985923E-017)       (-1.5911740793233224,-3.94577716172277108E-017)      (-0.94140101923745767,-2.37333301007024339E-017)       (-2.3883998974554221,-4.46497935832722654E-017)         (7.27772738728954954E-002,0.0000000000000000)               (2.5438198526216809,0.0000000000000000)               (6.0099162822428900,0.0000000000000000)  (9.19464711859110106E-002,-5.70972927775800893E-019)  (-1.88195436023190499E-002,2.80546848402195689E-018)       (0.27340330305971938,-6.06652989271229515E-019) (-8.89587714392536533E-002,-2.68188304101017414E-019) (-4.57535223139758432E-002,-3.02836492752716273E-018)        (0.27340330296406962,2.97817611906609648E-019)   (5.88716829287179305E-002,8.68696790833341555E-018)      (-0.60151568308948433,-2.60481756190193346E-018)      (-0.75516779703555392,-5.57186577274448129E-018)      (-0.16228088848302735,-1.33444699300342621E-018) (-9.44959316365454605E-002,-5.03011045403952016E-018)       (-0.53695836992759371,3.08164996608203453E-018)   (5.88471203430214820E-002,4.77408856194599757E-018)       (0.11707434393312667,-9.71300990556038773E-018)       (-0.53695836985615109,3.55324578523770491E-018)
       (-0.56159427250896843,1.83449766692712581E-016)      (-0.26553898508447643,-4.24911693798976801E-017)       (0.16252437570580880,-1.92722424025991436E-017)       (-2.4775875724090826,-5.91518648794145931E-017)        (1.0086441345973425,-1.36218627420439506E-016)        (1.5788974012649153,-1.27931434133642621E-018)      (-0.97396090947575620,-4.34801735951228526E-019)        (0.42204877714523753,4.41605466077842038E-018)   (9.19464711859110800E-002,5.70972927775800604E-019)               (4.8261183972637403,0.0000000000000000)              (-1.3658197277649475,0.0000000000000000)              (-2.2394012514561412,0.0000000000000000)       (-0.29497297327144950,7.57271518528473448E-018)  (-3.00349094903135834E-002,7.14377052581658056E-019)   (4.85567297528949251E-003,1.55492523550616278E-018)       (-0.48686596155534773,1.87729390303984013E-017)       (0.34692045935982135,-5.35843552228315383E-018)       (-0.16228088833600879,4.34170699970581442E-018)       (-0.20951476780611528,5.07297055860634600E-018)       (-0.15337765129026293,7.59592143680303022E-018)        (0.49149202098315914,2.63942595807665165E-018)        (0.17837708515395326,3.93671315097221682E-018)  (3.71577929631884268E-002,-7.45886394231926588E-018)  (7.19657958492036232E-002,-6.55446724833740040E-018)
 (-5.43936806685209259E-002,-4.24911693798976801E-017)        (-2.8392339563148825,1.80458509560669723E-017)         (1.6988642414020665,7.53749763526765542E-017)       (0.79749860340292955,-1.36218627420439506E-016)      (-0.99179189297295134,-1.21055923360131957E-016)      (-0.71882489533375882,-5.91160703878568178E-017)        (0.34073026776961152,4.41605466077842038E-018)       (-0.50903434818489834,4.35406728656711032E-018) (-1.88195436023190603E-002,-2.80546848402195612E-018)              (-1.3658197277648672,0.0000000000000000)               (6.3052450398440794,0.0000000000000000)              (-1.2088829586236858,0.0000000000000000)   (5.12835998634523366E-002,7.14377052581658442E-019)        (-1.1880222842508021,2.63702945735899906E-018)  (9.99173170880423706E-002,-1.80657414106326434E-018)       (0.36926553211005297,-5.35843552228315383E-018) (-1.33654078003834567E-002,-8.42380895159218538E-018) (-9.44959315532358651E-002,-1.71287692523554517E-018)       (-0.15337765005591866,7.59592143680303022E-018) (-8.51885342443985255E-002,-5.39714778463612957E-018)        (0.35174221448739545,4.48864505493927840E-018)  (1.48127188704849522E-002,-7.45886394231926588E-018)      (-0.67860845351093513,-2.25965366078606648E-017)      (-0.10950027343613117,-2.37108663042422359E-018)
  (5.04533161402259886E-002,-1.92722424025991405E-017)         (1.8304292748381106,7.53749763526765419E-017)        (-2.3392382757750969,4.60789819648733434E-018)        (1.6108642373050051,-1.27931434133643083E-018)      (-0.90729666489290839,-5.91160703878568301E-017)       (-2.3883998971154212,-1.72100098654039713E-017)   (8.41030984181860980E-002,5.70972927775800893E-019) (-5.41637946816862503E-002,-2.80546848402195689E-018)        (0.27340330305971938,6.06652989271229515E-019)              (-2.2394012514561408,0.0000000000000000)              (-1.2088829586236356,0.0000000000000000)               (6.0099162819235854,0.0000000000000000)  (-2.96750327627845721E-002,1.55492523550616239E-018)  (8.90377516721634066E-002,-1.80657414106326434E-018)        (0.27340330304458099,1.41247147898333035E-018)       (-0.13081291627361749,4.34170699970581442E-018) (-7.57407074476113256E-003,-1.71287692523554498E-018)       (-0.53695836997971436,2.91309472344666709E-018)        (0.49149202078083026,2.63942595807665242E-018)        (0.35174221451055820,4.48864505493927917E-018)      (-0.75516779692204894,-3.90040541384164199E-018)       (0.16297632163187736,-6.55446724833740040E-018) (-9.32914062212796963E-002,-2.37108663042422436E-018)       (-0.53695836978589284,2.17087727840861114E-018)
        (-2.4083589439592412,1.52128309293599615E-016)       (-1.0118363992587525,-1.07721618332613783E-017)       (-1.5525217789431420,-4.87576891990694729E-017)       (-0.58115806594288799,6.25985666804452645E-017)        (0.29740548292186059,8.02579166984709765E-017)      (-0.16692808051532027,-1.64866139471103822E-019)      (-0.95555900462212739,-9.73236261850671204E-019)      (-0.43267312266376218,-3.66774512275744550E-018)  (-8.89587714392535839E-002,2.68188304101017848E-019)      (-0.29497297327144945,-7.57271518528473448E-018)  (5.12835998634523574E-002,-7.14377052581658056E-019) (-2.96750327627845825E-002,-1.55492523550616278E-018)               (4.7526287985205693,0.0000000000000000)               (1.3233904870736859,0.0000000000000000)               (2.1666239787732544,0.0000000000000000)       (-0.44185817714260883,1.69532461869595796E-018)      (-0.37290571463239308,-2.14468497297371252E-017)   (5.88471206748859485E-002,2.78431981455254861E-018)        (0.17837708503596134,3.90656816159330608E-018)   (1.48127198526590859E-002,3.27319812005792624E-018)       (0.16297632147758231,-1.20648985938892385E-017)       (-0.24909903452992008,1.05937509301710748E-017)       (0.13052366302588347,-3.29180977436391045E-018)       (-0.55036370398285028,9.41430631313158229E-019)
      (-0.80069109495027446,-1.07721618332614075E-017)       (-0.99246928549813107,7.04732042241160333E-017)      (-0.70868188274750143,-7.30814801622541693E-017)   (8.62599517709130015E-002,8.02579166984709765E-017)        (-2.8882213993147237,4.76856789612155225E-017)        (1.7267777071407588,-2.84755808212495775E-017)      (-0.35135461261419693,-3.66774512275744550E-018)      (-0.52743625465036414,-3.03017796421522845E-018)  (-4.57535223139758224E-002,3.02836492752716273E-018) (-3.00349094903136875E-002,-7.14377052581658442E-019)       (-1.1880222842508021,-2.63702945735899906E-018)   (8.90377516721634066E-002,1.80657414106326434E-018)               (1.3233904870738507,0.0000000000000000)               (6.3787346390122153,0.0000000000000000)              (-1.3349368938535295,0.0000000000000000)      (-0.39525078871461572,-2.14468497297371252E-017) (-5.83731912981824835E-002,-1.75529145460172948E-018)       (0.11707434412558665,-1.11393009114315877E-019)   (3.71577926237223674E-002,3.27319812005792624E-018)      (-0.67860845439442763,-2.27035936018171084E-017)  (-9.32914061832169073E-002,7.03471879016687340E-019)       (0.13052366428013676,-3.29180977436390968E-018)  (-4.56042676236659214E-002,4.99763944959202954E-018)       (0.24977346873574402,-5.91756801850549068E-018)
       (-1.6104249103264436,-4.87576891990694729E-017)      (-0.87152078400182287,-7.30814801622541816E-017)        (-2.3392382761050245,1.02147614353361642E-017) (-1.96901583733054900E-002,-1.64866139471102354E-019)        (1.8486976838697899,-2.84755808212495775E-017)       (-2.3883998970442697,-1.13209894067492730E-017)  (-6.22714383821054290E-002,2.68188304101017414E-019)  (-7.02182080610316145E-002,3.02836492752716273E-018)       (0.27340330296406962,-2.97817611906609648E-019)  (4.85567297528952373E-003,-1.55492523550616239E-018)   (9.99173170880423706E-002,1.80657414106326434E-018)       (0.27340330304458099,-1.41247147898333035E-018)               (2.1666239787733401,0.0000000000000000)              (-1.3349368938535788,0.0000000000000000)               (6.0099162823347276,0.0000000000000000)  (-6.95433077214426877E-004,2.78431981455254861E-018)       (0.18778733775999565,-1.11393009114315588E-019)       (-0.53695836981204825,4.98610830823779520E-018)  (7.19657958757251165E-002,-1.20648985938892385E-017)       (-0.10950027312814317,7.03471879016687340E-019)      (-0.53695836989722290,-1.44839782883635037E-018)       (-0.55036370383998889,9.41430631313157844E-019)       (0.24977346853104898,-5.91756801850549068E-018)       (-0.75516779712585180,1.13351008325721763E-018)
       (-2.1453235602928689,-3.95758020502877942E-017)      (-0.98933132074788155,-3.49379954492429837E-017)        (-1.4119693213314328,3.92200074619387905E-017)        (-2.1312891271291194,7.48565450231317170E-019)        (0.96065742779508967,6.32185887745203139E-017)        (1.3899974026765742,-2.94831868531044442E-017)  (1.65588492051271831E-002,-9.50874899120172345E-018)  (2.28539876812823110E-002,-3.96632649790351856E-018)  (5.88716829287179444E-002,-8.68696790833341709E-018)      (-0.48686596155534761,-1.87729390303984013E-017)        (0.36926553211005309,5.35843552228315383E-018)      (-0.13081291627361746,-4.34170699970581442E-018)      (-0.44185817714260883,-1.69532461869595796E-018)       (-0.39525078871461572,2.14468497297371252E-017) (-6.95433077214490086E-004,-2.78431981455254861E-018)               (7.1182979606580501,0.0000000000000000)         (4.24292398255759207E-002,0.0000000000000000)         (7.27772736057931274E-002,0.0000000000000000)       (-0.97396090943554259,4.21236440673760628E-018)       (0.34073026782676186,-3.56914928847286727E-018)   (8.41030984102546370E-002,3.31530473024293971E-018)       (-0.95555900463884968,2.89546581666618702E-018)       (-0.35135461256275602,3.89390739256029614E-019)  (-6.22714383880268382E-002,6.92232025736273434E-019)
       (-1.2004768518464175,-3.49379954492429837E-017)       (-1.3240559058691108,-5.83646439235824725E-017)        (-1.0079528120887766,2.37758197868229734E-017)         (1.1718027320736042,6.32185887745203015E-017)       (-1.2695391016475663,-5.04550633345089450E-017)       (-0.99018235878612426,7.86019591983377582E-017)  (2.28539863520014867E-002,-3.96632649790351933E-018)      (-0.31126215131407609,-1.15141996686516293E-017)       (-0.60151568308948433,2.60481756190193307E-018)        (0.34692045935982130,5.35843552228315383E-018)  (-1.33654078003834567E-002,8.42380895159218538E-018)  (-7.57407074476119067E-003,1.71287692523554517E-018)       (-0.37290571463239308,2.14468497297371252E-017)  (-5.83731912981825252E-002,1.75529145460172948E-018)        (0.18778733775999554,1.11393009114315877E-019)         (4.24292398255748243E-002,0.0000000000000000)               (4.0130654777040933,0.0000000000000000)               (2.5438198526992011,0.0000000000000000)       (0.42204877716420380,-3.56914928847286727E-018)      (-0.50903434812756443,-1.88389584063848665E-019)  (-5.41637946959481822E-002,2.03722514688883909E-018)       (-0.43267312265037455,3.89390739256029759E-019)      (-0.52743625467926791,-6.54357645608684389E-019)  (-7.02182080620774168E-002,4.75921738968036466E-019)
        (-1.5911740795469562,3.92200074619387905E-017)       (-0.94140101925800002,2.37758197868229642E-017)        (-2.3883998976891800,4.44617366870136582E-017)        (1.5599715934828080,-2.94831868531044503E-017)       (-0.95890849098299613,7.86019591983377335E-017)       (-2.3392382754928542,-9.98022398174677178E-018)  (5.88716828690354355E-002,-8.68696790833341555E-018)       (-0.60151568327496308,2.60481756190193346E-018)       (-0.75516779703555370,5.57186577274448129E-018)      (-0.16228088833600876,-4.34170699970581442E-018)  (-9.44959315532359345E-002,1.71287692523554498E-018)      (-0.53695836997971436,-2.91309472344666709E-018)  (5.88471206748859346E-002,-2.78431981455254861E-018)        (0.11707434412558665,1.11393009114315588E-019)      (-0.53695836981204825,-4.98610830823779520E-018)         (7.27772736057924474E-002,0.0000000000000000)               (2.5438198526992002,0.0000000000000000)               (6.0099162822051158,0.0000000000000000)   (9.19464711863793582E-002,3.31530473024293894E-018)  (-1.88195435893179462E-002,2.03722514688883909E-018)        (0.27340330303135946,7.44711172097853383E-019)  (-8.89587714371964100E-002,6.92232025736273723E-019)  (-4.57535223218052470E-002,4.75921738968036466E-019)        (0.27340330297925125,3.68061821193510354E-019)
        (-2.4775875726719505,2.56365141816786749E-016)        (1.0086441347617328,-3.44122133121601249E-017)        (1.5788974014087429,-2.81464927656850759E-017)      (-0.56159427240599702,-1.83743140454475740E-016)       (-0.26553898511644919,4.22985843428220869E-017)        (0.16252437571865022,1.91729768778191168E-017)      (-0.48686596064828991,-9.56016727009157580E-018)       (0.34692045859387322,-3.36644131275885352E-021)       (-0.16228088848302713,1.33444699300342582E-018)      (-0.20951476780611525,-5.07297055860634600E-018)      (-0.15337765005591866,-7.59592143680303022E-018)       (0.49149202078083032,-2.63942595807665165E-018)       (0.17837708503596134,-3.90656816159330608E-018)  (3.71577926237222494E-002,-3.27319812005792624E-018)   (7.19657958757252553E-002,1.20648985938892385E-017)      (-0.97396090943554248,-4.21236440673760628E-018)        (0.42204877716420397,3.56914928847286727E-018)  (9.19464711863793999E-002,-3.31530473024293971E-018)               (4.8261183970288011,0.0000000000000000)              (-1.3658197276782822,0.0000000000000000)              (-2.2394012514231476,0.0000000000000000)      (-0.29497297330573641,-3.75702511211630789E-018)  (-3.00349094859894417E-002,5.97957993566113385E-018)  (4.85567299650074401E-003,-1.03123137806070101E-018)
       (0.79749860341914480,-3.44122133121601002E-017)       (-0.99179189315945515,1.20930553964984736E-016)       (-0.71882489546666462,7.52574678057331804E-018)  (-5.43936807355493226E-002,4.22985843428220930E-017)       (-2.8392339560947057,-1.81996749573451987E-017)        (1.6988642414045523,-7.49830444423286932E-017)       (0.36926553266791939,-3.36644131275826897E-021) (-1.33654077984428857E-002,-8.96771081154661910E-019)  (-9.44959316365454466E-002,5.03011045403951862E-018)      (-0.15337765129026268,-7.59592143680303022E-018)  (-8.51885342443986088E-002,5.39714778463612957E-018)       (0.35174221451055820,-4.48864505493927840E-018)  (1.48127198526590443E-002,-3.27319812005792624E-018)       (-0.67860845439442763,2.27035936018171084E-017)      (-0.10950027312814317,-7.03471879016687340E-019)        (0.34073026782676197,3.56914928847286727E-018)       (-0.50903434812756443,1.88389584063848665E-019) (-1.88195435893179670E-002,-2.03722514688883909E-018)              (-1.3658197276782817,0.0000000000000000)               (6.3052450402335269,0.0000000000000000)              (-1.2088829589459060,0.0000000000000000)   (5.12835998750255581E-002,5.97957993566113231E-018)       (-1.1880222842642962,-4.02073623998640298E-019)  (9.99173170917506265E-002,-2.32973399234936384E-018)
        (1.6108642374919238,-2.81464927656850636E-017)       (-0.90729666488782246,7.52574678057331034E-018)       (-2.3883998972287475,-1.88076773690795625E-017)   (5.04533161077817191E-002,1.91729768778191138E-017)        (1.8304292747838378,-7.49830444423286932E-017)       (-2.3392382755838490,-5.24811262002729128E-018)       (-0.13081291652186786,1.33444699300342621E-018)  (-7.57407058051472095E-003,5.03011045403952016E-018)      (-0.53695836992759371,-3.08164996608203453E-018)       (0.49149202098315908,-2.63942595807665242E-018)       (0.35174221448739545,-4.48864505493927917E-018)       (-0.75516779692204894,3.90040541384164199E-018)        (0.16297632147758220,1.20648985938892385E-017) (-9.32914061832168656E-002,-7.03471879016687340E-019)       (-0.53695836989722279,1.44839782883635037E-018)  (8.41030984102546508E-002,-3.31530473024293894E-018) (-5.41637946959481406E-002,-2.03722514688883909E-018)       (0.27340330303135951,-7.44711172097853383E-019)              (-2.2394012514231481,0.0000000000000000)              (-1.2088829589459051,0.0000000000000000)               (6.0099162818728677,0.0000000000000000) (-2.96750327272550553E-002,-1.03123137806070081E-018)  (8.90377516580932310E-002,-2.32973399234936345E-018)       (0.27340330305435517,-9.81704214323860692E-019)
      (-0.58115806600710473,-6.28425909333946480E-017)       (0.29740548288758939,-8.01954566772395412E-017)       (-0.16692808053653069,2.94518090604866007E-019)       (-2.4083589436721229,-1.03066525671689239E-016)        (-1.0118363991014319,9.61602082211257390E-017)        (-1.5525217787224481,1.82226386905585754E-017)       (-0.44185817745601857,1.43247724477617832E-018)       (-0.37290571568634340,5.49823776768027205E-018)  (5.88471203430214820E-002,-4.77408856194599757E-018)       (0.17837708515395323,-3.93671315097221682E-018)   (1.48127188704850164E-002,7.45886394231926588E-018)        (0.16297632163187739,6.55446724833740040E-018)      (-0.24909903452992013,-1.05937509301710748E-017)        (0.13052366428013662,3.29180977436391045E-018)      (-0.55036370383998900,-9.41430631313158229E-019)      (-0.95555900463884957,-2.89546581666618702E-018)      (-0.43267312265037455,-3.89390739256029614E-019) (-8.89587714371964100E-002,-6.92232025736273434E-019)       (-0.29497297330573635,3.75702511211630789E-018)  (5.12835998750255373E-002,-5.97957993566113385E-018)  (-2.96750327272550067E-002,1.03123137806070101E-018)               (4.7526287986390514,0.0000000000000000)               (1.3233904870934645,0.0000000000000000)               (2.1666239787889254,0.0000000000000000)
  (8.62599517616884359E-002,-8.01954566772395536E-017)       (-2.8882213994568469,-4.80279796397827479E-017)         (1.7267777070937431,2.83519608651033558E-017)       (-0.80069109496076851,9.61602082211257390E-017)       (-0.99246928534144685,7.75855063624192882E-017)       (-0.70868188259565679,2.10602386380505678E-017)       (-0.39525078842556211,5.49823776768026974E-018)  (-5.83731918671802213E-002,1.11401056810354759E-017)        (0.11707434393312680,9.71300990556038773E-018)   (3.71577929631884268E-002,7.45886394231926588E-018)       (-0.67860845351093513,2.25965366078606648E-017)  (-9.32914062212795991E-002,2.37108663042422359E-018)        (0.13052366302588356,3.29180977436390968E-018) (-4.56042676236659422E-002,-4.99763944959202954E-018)        (0.24977346853104906,5.91756801850549068E-018)      (-0.35135461256275613,-3.89390739256029759E-019)       (-0.52743625467926791,6.54357645608684389E-019) (-4.57535223218053094E-002,-4.75921738968036466E-019) (-3.00349094859894104E-002,-5.97957993566113231E-018)        (-1.1880222842642962,4.02073623998640298E-019)   (8.90377516580932310E-002,2.32973399234936384E-018)               (1.3233904870933006,0.0000000000000000)               (6.3787346386250530,0.0000000000000000)              (-1.3349368934792134,0.0000000000000000)
  (-1.96901583528568229E-002,2.94518090604873037E-019)         (1.8486976838644529,2.83519608651033619E-017)        (-2.3883998972524743,1.04244323571435656E-017)        (-1.6104249101039756,1.82226386905585785E-017)       (-0.87152078397537425,2.10602386380505740E-017)        (-2.3392382760022632,8.17803634198451452E-018) (-6.95432990499448038E-004,-4.77408856194599757E-018)        (0.18778733761500369,9.71300990556038773E-018)      (-0.53695836985615109,-3.55324578523770491E-018)   (7.19657958492036509E-002,6.55446724833740040E-018)       (-0.10950027343613121,2.37108663042422436E-018)      (-0.53695836978589284,-2.17087727840861114E-018)      (-0.55036370398285039,-9.41430631313157844E-019)        (0.24977346873574402,5.91756801850549068E-018)      (-0.75516779712585180,-1.13351008325721763E-018) (-6.22714383880268382E-002,-6.92232025736273723E-019) (-7.02182080620774168E-002,-4.75921738968036466E-019)       (0.27340330297925125,-3.68061821193510354E-019)   (4.85567299650079085E-003,1.03123137806070081E-018)   (9.99173170917505987E-002,2.32973399234936345E-018)        (0.27340330305435523,9.81704214323860692E-019)               (2.1666239787888393,0.0000000000000000)              (-1.3349368934791634,0.0000000000000000)               (6.0099162823135099,0.0000000000000000)
