 (8.815194029208824E-016,0.000000000000000E+000)
 (-3.536644197054712E-002,0.000000000000000E+000)
 (-2.550911675787860E-010,0.000000000000000E+000)
 (-5.450811317134173E-009,0.000000000000000E+000)
 (-8.758822364096072E-002,0.000000000000000E+000)
 (-8.192619750975696E-010,0.000000000000000E+000)
 (3.592789021071940E-003,0.000000000000000E+000)
 (2.164786654858802E-002,0.000000000000000E+000)
 (-1.190071744873841E-002,0.000000000000000E+000)
 (-4.728532900454723E-004,0.000000000000000E+000)
 (1.276856666871986E-002,0.000000000000000E+000)
 (1.257378849609684E-002,0.000000000000000E+000)
 (-6.129733516531211E-003,0.000000000000000E+000)
 (2.072916716837572E-002,0.000000000000000E+000)
 (-6.730716631084396E-004,0.000000000000000E+000)
 (-6.134261837513476E-003,0.000000000000000E+000)
 (2.396702081126023E-002,0.000000000000000E+000)
 (-9.197438824587055E-003,0.000000000000000E+000)
 (6.833941493785941E-003,0.000000000000000E+000)
 (2.602705375053639E-002,0.000000000000000E+000)
 (-9.199638361344404E-004,0.000000000000000E+000)
 (2.133881280897320E-003,0.000000000000000E+000)
 (1.376624043535221E-002,0.000000000000000E+000)
 (1.011740444024264E-002,0.000000000000000E+000)
 (3.536644197054710E-002,0.000000000000000E+000)
 (9.215228471517196E-016,0.000000000000000E+000)
 (9.709270538571942E-010,0.000000000000000E+000)
 (8.758822235962239E-002,0.000000000000000E+000)
 (-3.545537380386293E-009,0.000000000000000E+000)
 (-1.790076414806578E-009,0.000000000000000E+000)
 (-1.511586629367168E-002,0.000000000000000E+000)
 (-5.599320054310140E-003,0.000000000000000E+000)
 (-7.648079191890319E-003,0.000000000000000E+000)
 (-2.399516687551292E-002,0.000000000000000E+000)
 (-1.533679742832431E-003,0.000000000000000E+000)
 (-6.482283237417446E-003,0.000000000000000E+000)
 (-1.603456670640680E-002,0.000000000000000E+000)
 (4.123200793912881E-003,0.000000000000000E+000)
 (1.413036403088821E-002,0.000000000000000E+000)
 (-1.853985555355006E-002,0.000000000000000E+000)
 (8.023303059020539E-003,0.000000000000000E+000)
 (6.372426540894253E-003,0.000000000000000E+000)
 (-1.647982297928611E-002,0.000000000000000E+000)
 (-4.944902652698663E-003,0.000000000000000E+000)
 (-1.115143030448987E-002,0.000000000000000E+000)
 (-2.874063568557312E-002,0.000000000000000E+000)
 (-2.448400834407714E-004,0.000000000000000E+000)
 (4.779003048339595E-003,0.000000000000000E+000)
 (2.550911688786530E-010,0.000000000000000E+000)
 (-9.709270547759752E-010,0.000000000000000E+000)
 (-6.031411328428587E-020,0.000000000000000E+000)
 (-6.107034455539046E-010,0.000000000000000E+000)
 (6.437967597387450E-010,0.000000000000000E+000)
 (4.100719598582009E-009,0.000000000000000E+000)
 (2.145518449928444E-002,0.000000000000000E+000)
 (-2.151080908021689E-002,0.000000000000000E+000)
 (-2.380511735594582E-002,0.000000000000000E+000)
 (7.901315783596702E-003,0.000000000000000E+000)
 (2.933613883868054E-002,0.000000000000000E+000)
 (-2.380512096876217E-002,0.000000000000000E+000)
 (-2.935650235328993E-002,0.000000000000000E+000)
 (-7.825327863576766E-003,0.000000000000000E+000)
 (-2.380512314847285E-002,0.000000000000000E+000)
 (2.493887964323618E-002,0.000000000000000E+000)
 (2.022059691938097E-002,0.000000000000000E+000)
 (2.379577175037874E-002,0.000000000000000E+000)
 (-2.998099082979239E-002,0.000000000000000E+000)
 (1.148740543608067E-002,0.000000000000000E+000)
 (2.379576988589403E-002,0.000000000000000E+000)
 (5.042113667965387E-003,0.000000000000000E+000)
 (-3.170800384579704E-002,0.000000000000000E+000)
 (2.379577542732679E-002,0.000000000000000E+000)
 (5.450813102831691E-009,0.000000000000000E+000)
 (-8.758822235962238E-002,0.000000000000000E+000)
 (6.107034434743881E-010,0.000000000000000E+000)
 (8.850517208853476E-016,0.000000000000000E+000)
 (-3.536667740763338E-002,0.000000000000000E+000)
 (4.812980050974097E-010,0.000000000000000E+000)
 (-6.134287016788868E-003,0.000000000000000E+000)
 (2.396706219245802E-002,0.000000000000000E+000)
 (-9.197415400863995E-003,0.000000000000000E+000)
 (6.833946178727725E-003,0.000000000000000E+000)
 (2.602710548796351E-002,0.000000000000000E+000)
 (-9.199323099819535E-004,0.000000000000000E+000)
 (2.133881758433203E-003,0.000000000000000E+000)
 (1.376626344773568E-002,0.000000000000000E+000)
 (1.011734690692534E-002,0.000000000000000E+000)
 (3.592802895005933E-003,0.000000000000000E+000)
 (2.164791395366185E-002,0.000000000000000E+000)
 (-1.190069419602459E-002,0.000000000000000E+000)
 (-4.728486714977891E-004,0.000000000000000E+000)
 (1.276858981593808E-002,0.000000000000000E+000)
 (1.257373700352667E-002,0.000000000000000E+000)
 (-6.129743308649893E-003,0.000000000000000E+000)
 (2.072920959252089E-002,0.000000000000000E+000)
 (-6.730431244948950E-004,0.000000000000000E+000)
 (8.758822364096074E-002,0.000000000000000E+000)
 (3.545539171254864E-009,0.000000000000000E+000)
 (-6.437967574791774E-010,0.000000000000000E+000)
 (3.536667740763341E-002,0.000000000000000E+000)
 (8.470061381852320E-016,0.000000000000000E+000)
 (2.729462028311401E-009,0.000000000000000E+000)
 (-1.853989197477152E-002,0.000000000000000E+000)
 (8.023315481095632E-003,0.000000000000000E+000)
 (6.372374994685804E-003,0.000000000000000E+000)
 (-1.647984849275710E-002,0.000000000000000E+000)
 (-4.944921040109075E-003,0.000000000000000E+000)
 (-1.115138385885885E-002,0.000000000000000E+000)
 (-2.874069145150273E-002,0.000000000000000E+000)
 (-2.448525694072913E-004,0.000000000000000E+000)
 (4.779007963262930E-003,0.000000000000000E+000)
 (-1.511589395477631E-002,0.000000000000000E+000)
 (-5.599326810906752E-003,0.000000000000000E+000)
 (-7.648033935190149E-003,0.000000000000000E+000)
 (-2.399521906917260E-002,0.000000000000000E+000)
 (-1.533677632253045E-003,0.000000000000000E+000)
 (-6.482286919879860E-003,0.000000000000000E+000)
 (-1.603460078581269E-002,0.000000000000000E+000)
 (4.123216329042708E-003,0.000000000000000E+000)
 (1.413031967859444E-002,0.000000000000000E+000)
 (8.192619742452468E-010,0.000000000000000E+000)
 (1.790076413825331E-009,0.000000000000000E+000)
 (-4.100719598333607E-009,0.000000000000000E+000)
 (-4.812980057500069E-010,0.000000000000000E+000)
 (-2.729462027648353E-009,0.000000000000000E+000)
 (-3.848855377838442E-020,0.000000000000000E+000)
 (2.493879582367515E-002,0.000000000000000E+000)
 (2.022058507986012E-002,0.000000000000000E+000)
 (2.379575337666187E-002,0.000000000000000E+000)
 (-2.998093855723739E-002,0.000000000000000E+000)
 (1.148734212338144E-002,0.000000000000000E+000)
 (2.379575335425904E-002,0.000000000000000E+000)
 (5.042143666851135E-003,0.000000000000000E+000)
 (-3.170792773711999E-002,0.000000000000000E+000)
 (2.379575583829901E-002,0.000000000000000E+000)
 (2.145510959321020E-002,0.000000000000000E+000)
 (-2.151079644517893E-002,0.000000000000000E+000)
 (-2.380509816629599E-002,0.000000000000000E+000)
 (7.901344804689783E-003,0.000000000000000E+000)
 (2.933606734089847E-002,0.000000000000000E+000)
 (-2.380509869534643E-002,0.000000000000000E+000)
 (-2.935645567329035E-002,0.000000000000000E+000)
 (-7.825269470503092E-003,0.000000000000000E+000)
 (-2.380510129835301E-002,0.000000000000000E+000)
 (-3.592789021071620E-003,0.000000000000000E+000)
 (1.511586629367197E-002,0.000000000000000E+000)
 (-2.145518449928444E-002,0.000000000000000E+000)
 (6.134287016789234E-003,0.000000000000000E+000)
 (1.853989197477181E-002,0.000000000000000E+000)
 (-2.493879582367514E-002,0.000000000000000E+000)
 (5.591626820156219E-017,0.000000000000000E+000)
 (-3.041513909209801E-002,0.000000000000000E+000)
 (1.687159933301206E-002,0.000000000000000E+000)
 (1.285673400958265E-003,0.000000000000000E+000)
 (4.524566147761703E-003,0.000000000000000E+000)
 (-8.833932984225822E-003,0.000000000000000E+000)
 (-2.207447087070621E-003,0.000000000000000E+000)
 (5.056753553777974E-003,0.000000000000000E+000)
 (-8.528841074202317E-003,0.000000000000000E+000)
 (2.246919452362781E-008,0.000000000000000E+000)
 (-2.639542095904486E-003,0.000000000000000E+000)
 (9.322850982484983E-003,0.000000000000000E+000)
 (-1.147753012704597E-003,0.000000000000000E+000)
 (-4.953931092104105E-003,0.000000000000000E+000)
 (1.888986084884302E-002,0.000000000000000E+000)
 (-4.265063267422935E-004,0.000000000000000E+000)
 (-4.045101959144344E-003,0.000000000000000E+000)
 (1.815427146245823E-002,0.000000000000000E+000)
 (-2.164786654858774E-002,0.000000000000000E+000)
 (5.599320054308404E-003,0.000000000000000E+000)
 (2.151080908021689E-002,0.000000000000000E+000)
 (-2.396706219245769E-002,0.000000000000000E+000)
 (-8.023315481097306E-003,0.000000000000000E+000)
 (-2.022058507986012E-002,0.000000000000000E+000)
 (3.041513909209781E-002,0.000000000000000E+000)
 (7.994419756909134E-016,0.000000000000000E+000)
 (1.458036229280652E-003,0.000000000000000E+000)
 (-1.702103227563002E-003,0.000000000000000E+000)
 (4.144254330098451E-003,0.000000000000000E+000)
 (-4.127492426100053E-004,0.000000000000000E+000)
 (-1.169916982738332E-003,0.000000000000000E+000)
 (-3.222480905575718E-003,0.000000000000000E+000)
 (-6.828697186937603E-004,0.000000000000000E+000)
 (2.639539040434638E-003,0.000000000000000E+000)
 (6.574600353200374E-009,0.000000000000000E+000)
 (-8.548640907966533E-004,0.000000000000000E+000)
 (6.503730018204560E-003,0.000000000000000E+000)
 (1.845991569924720E-003,0.000000000000000E+000)
 (3.329222892280510E-003,0.000000000000000E+000)
 (7.412599582513862E-003,0.000000000000000E+000)
 (-2.717674345437444E-004,0.000000000000000E+000)
 (-4.111719471366090E-003,0.000000000000000E+000)
 (1.190071744873849E-002,0.000000000000000E+000)
 (7.648079191888577E-003,0.000000000000000E+000)
 (2.380511735594582E-002,0.000000000000000E+000)
 (9.197415400864054E-003,0.000000000000000E+000)
 (-6.372374994687424E-003,0.000000000000000E+000)
 (-2.379575337666187E-002,0.000000000000000E+000)
 (-1.687159933301223E-002,0.000000000000000E+000)
 (-1.458036229279058E-003,0.000000000000000E+000)
 (4.728330124576316E-016,0.000000000000000E+000)
 (-4.855803637891172E-003,0.000000000000000E+000)
 (7.044757267294015E-003,0.000000000000000E+000)
 (7.046305977521610E-003,0.000000000000000E+000)
 (-4.059514898411637E-003,0.000000000000000E+000)
 (-7.856784600795103E-003,0.000000000000000E+000)
 (-7.046304478645681E-003,0.000000000000000E+000)
 (-9.322853221585591E-003,0.000000000000000E+000)
 (8.548640895199186E-004,0.000000000000000E+000)
 (5.835988580823048E-009,0.000000000000000E+000)
 (5.516289896495151E-003,0.000000000000000E+000)
 (-1.777795246527472E-002,0.000000000000000E+000)
 (-2.018529848865256E-002,0.000000000000000E+000)
 (6.561730572754263E-003,0.000000000000000E+000)
 (1.802368000749936E-002,0.000000000000000E+000)
 (2.018527374376662E-002,0.000000000000000E+000)
 (4.728532900446086E-004,0.000000000000000E+000)
 (2.399516687551191E-002,0.000000000000000E+000)
 (-7.901315783596697E-003,0.000000000000000E+000)
 (-6.833946178728559E-003,0.000000000000000E+000)
 (1.647984849275603E-002,0.000000000000000E+000)
 (2.998093855723739E-002,0.000000000000000E+000)
 (-1.285673400958526E-003,0.000000000000000E+000)
 (1.702103227563771E-003,0.000000000000000E+000)
 (4.855803637892025E-003,0.000000000000000E+000)
 (4.820022171930501E-016,0.000000000000000E+000)
 (-3.041513934488303E-002,0.000000000000000E+000)
 (-9.698496032816540E-003,0.000000000000000E+000)
 (4.651772359592483E-003,0.000000000000000E+000)
 (3.645520500067276E-003,0.000000000000000E+000)
 (4.774418502014744E-003,0.000000000000000E+000)
 (1.147715725984276E-003,0.000000000000000E+000)
 (-6.503719381567010E-003,0.000000000000000E+000)
 (-5.516282459752320E-003,0.000000000000000E+000)
 (1.024181958053616E-008,0.000000000000000E+000)
 (-2.639547155244748E-003,0.000000000000000E+000)
 (-3.921090928867494E-003,0.000000000000000E+000)
 (1.768636004768076E-003,0.000000000000000E+000)
 (-4.819952254155312E-003,0.000000000000000E+000)
 (-1.232812297455143E-002,0.000000000000000E+000)
 (-1.276856666872084E-002,0.000000000000000E+000)
 (1.533679742831991E-003,0.000000000000000E+000)
 (-2.933613883868054E-002,0.000000000000000E+000)
 (-2.602710548796448E-002,0.000000000000000E+000)
 (4.944921040108634E-003,0.000000000000000E+000)
 (-1.148734212338143E-002,0.000000000000000E+000)
 (-4.524566147761920E-003,0.000000000000000E+000)
 (-4.144254330098156E-003,0.000000000000000E+000)
 (-7.044757267293647E-003,0.000000000000000E+000)
 (3.041513934488371E-002,0.000000000000000E+000)
 (3.149279635676619E-016,0.000000000000000E+000)
 (1.388221567587496E-002,0.000000000000000E+000)
 (-2.581149327549070E-003,0.000000000000000E+000)
 (7.781560466317438E-004,0.000000000000000E+000)
 (-7.444035297880154E-003,0.000000000000000E+000)
 (4.953977403509624E-003,0.000000000000000E+000)
 (-1.845992849152282E-003,0.000000000000000E+000)
 (1.777791999563371E-002,0.000000000000000E+000)
 (2.639534254022193E-003,0.000000000000000E+000)
 (1.857943836206937E-008,0.000000000000000E+000)
 (8.501258798358332E-003,0.000000000000000E+000)
 (6.637712583796001E-003,0.000000000000000E+000)
 (-1.070400145201741E-003,0.000000000000000E+000)
 (1.469448870865484E-002,0.000000000000000E+000)
 (-1.257378849609536E-002,0.000000000000000E+000)
 (6.482283237418387E-003,0.000000000000000E+000)
 (2.380512096876217E-002,0.000000000000000E+000)
 (9.199323099833549E-004,0.000000000000000E+000)
 (1.115138385885973E-002,0.000000000000000E+000)
 (-2.379575335425903E-002,0.000000000000000E+000)
 (8.833932984226094E-003,0.000000000000000E+000)
 (4.127492426093276E-004,0.000000000000000E+000)
 (-7.046305977522091E-003,0.000000000000000E+000)
 (9.698496032815257E-003,0.000000000000000E+000)
 (-1.388221567587590E-002,0.000000000000000E+000)
 (5.135881424210053E-016,0.000000000000000E+000)
 (-3.673036665539544E-003,0.000000000000000E+000)
 (-7.727627443948355E-003,0.000000000000000E+000)
 (7.046305292410992E-003,0.000000000000000E+000)
 (-1.888983158105150E-002,0.000000000000000E+000)
 (-3.329215832288046E-003,0.000000000000000E+000)
 (2.018527338365646E-002,0.000000000000000E+000)
 (3.921091504443652E-003,0.000000000000000E+000)
 (-8.501259989329758E-003,0.000000000000000E+000)
 (5.611888192357665E-009,0.000000000000000E+000)
 (1.263801296641841E-002,0.000000000000000E+000)
 (1.366622426826141E-002,0.000000000000000E+000)
 (-2.018529924659038E-002,0.000000000000000E+000)
 (6.129733516529865E-003,0.000000000000000E+000)
 (1.603456670640756E-002,0.000000000000000E+000)
 (2.935650235328993E-002,0.000000000000000E+000)
 (-2.133881758434568E-003,0.000000000000000E+000)
 (2.874069145150340E-002,0.000000000000000E+000)
 (-5.042143666851134E-003,0.000000000000000E+000)
 (2.207447087070544E-003,0.000000000000000E+000)
 (1.169916982737477E-003,0.000000000000000E+000)
 (4.059514898410919E-003,0.000000000000000E+000)
 (-4.651772359592206E-003,0.000000000000000E+000)
 (2.581149327549593E-003,0.000000000000000E+000)
 (3.673036665538808E-003,0.000000000000000E+000)
 (6.481716499140318E-016,0.000000000000000E+000)
 (-3.041513950281284E-002,0.000000000000000E+000)
 (-7.173102852761510E-003,0.000000000000000E+000)
 (4.264714200306229E-004,0.000000000000000E+000)
 (-7.412610413010944E-003,0.000000000000000E+000)
 (-6.561739577150226E-003,0.000000000000000E+000)
 (-1.768621061511705E-003,0.000000000000000E+000)
 (-6.637729850840333E-003,0.000000000000000E+000)
 (-1.263798770735339E-002,0.000000000000000E+000)
 (1.187665223118248E-008,0.000000000000000E+000)
 (-2.639531916703419E-003,0.000000000000000E+000)
 (-5.401760799475139E-003,0.000000000000000E+000)
 (-2.072916716837504E-002,0.000000000000000E+000)
 (-4.123200793912839E-003,0.000000000000000E+000)
 (7.825327863576762E-003,0.000000000000000E+000)
 (-1.376626344773496E-002,0.000000000000000E+000)
 (2.448525694074040E-004,0.000000000000000E+000)
 (3.170792773711999E-002,0.000000000000000E+000)
 (-5.056753553777861E-003,0.000000000000000E+000)
 (3.222480905575813E-003,0.000000000000000E+000)
 (7.856784600795199E-003,0.000000000000000E+000)
 (-3.645520500067606E-003,0.000000000000000E+000)
 (-7.781560466320653E-004,0.000000000000000E+000)
 (7.727627443948892E-003,0.000000000000000E+000)
 (3.041513950281237E-002,0.000000000000000E+000)
 (1.360505802506935E-016,0.000000000000000E+000)
 (-1.534025154300396E-002,0.000000000000000E+000)
 (4.045054170300245E-003,0.000000000000000E+000)
 (2.717651064305042E-004,0.000000000000000E+000)
 (-1.802371018851275E-002,0.000000000000000E+000)
 (4.819972160738127E-003,0.000000000000000E+000)
 (1.070347938060098E-003,0.000000000000000E+000)
 (-1.366620059272911E-002,0.000000000000000E+000)
 (2.639546592781496E-003,0.000000000000000E+000)
 (1.767052210201590E-008,0.000000000000000E+000)
 (-7.646395692014850E-003,0.000000000000000E+000)
 (6.730716631068826E-004,0.000000000000000E+000)
 (-1.413036403088740E-002,0.000000000000000E+000)
 (2.380512314847285E-002,0.000000000000000E+000)
 (-1.011734690692679E-002,0.000000000000000E+000)
 (-4.779007963262191E-003,0.000000000000000E+000)
 (-2.379575583829901E-002,0.000000000000000E+000)
 (8.528841074202213E-003,0.000000000000000E+000)
 (6.828697186928440E-004,0.000000000000000E+000)
 (7.046304478645217E-003,0.000000000000000E+000)
 (-4.774418502014311E-003,0.000000000000000E+000)
 (7.444035297880723E-003,0.000000000000000E+000)
 (-7.046305292411537E-003,0.000000000000000E+000)
 (7.173102852762963E-003,0.000000000000000E+000)
 (1.534025154300332E-002,0.000000000000000E+000)
 (5.063442816242570E-016,0.000000000000000E+000)
 (-1.815430423840208E-002,0.000000000000000E+000)
 (4.111729600775186E-003,0.000000000000000E+000)
 (-2.018529898593754E-002,0.000000000000000E+000)
 (1.232810113229514E-002,0.000000000000000E+000)
 (-1.469446532305103E-002,0.000000000000000E+000)
 (2.018527408434788E-002,0.000000000000000E+000)
 (5.401761753729807E-003,0.000000000000000E+000)
 (7.646397107945248E-003,0.000000000000000E+000)
 (5.031967654343855E-009,0.000000000000000E+000)
 (6.134261837513873E-003,0.000000000000000E+000)
 (1.853985555355035E-002,0.000000000000000E+000)
 (-2.493887964323619E-002,0.000000000000000E+000)
 (-3.592802895005587E-003,0.000000000000000E+000)
 (1.511589395477660E-002,0.000000000000000E+000)
 (-2.145510959321020E-002,0.000000000000000E+000)
 (-2.246919445788031E-008,0.000000000000000E+000)
 (-2.639539040434826E-003,0.000000000000000E+000)
 (9.322853221585430E-003,0.000000000000000E+000)
 (-1.147715725984649E-003,0.000000000000000E+000)
 (-4.953977403509877E-003,0.000000000000000E+000)
 (1.888983158105188E-002,0.000000000000000E+000)
 (-4.264714200308358E-004,0.000000000000000E+000)
 (-4.045054170300079E-003,0.000000000000000E+000)
 (1.815430423840186E-002,0.000000000000000E+000)
 (6.877480171655428E-017,0.000000000000000E+000)
 (-3.041513368069342E-002,0.000000000000000E+000)
 (1.687160356210214E-002,0.000000000000000E+000)
 (1.285675163052498E-003,0.000000000000000E+000)
 (4.524568333653342E-003,0.000000000000000E+000)
 (-8.833913736455095E-003,0.000000000000000E+000)
 (-2.207439810156048E-003,0.000000000000000E+000)
 (5.056750191956106E-003,0.000000000000000E+000)
 (-8.528861425462650E-003,0.000000000000000E+000)
 (-2.396702081125990E-002,0.000000000000000E+000)
 (-8.023303059022052E-003,0.000000000000000E+000)
 (-2.022059691938097E-002,0.000000000000000E+000)
 (-2.164791395366161E-002,0.000000000000000E+000)
 (5.599326810905306E-003,0.000000000000000E+000)
 (2.151079644517893E-002,0.000000000000000E+000)
 (2.639542095904307E-003,0.000000000000000E+000)
 (-6.574598884405318E-009,0.000000000000000E+000)
 (-8.548640895186892E-004,0.000000000000000E+000)
 (6.503719381567776E-003,0.000000000000000E+000)
 (1.845992849152462E-003,0.000000000000000E+000)
 (3.329215832287516E-003,0.000000000000000E+000)
 (7.412610413010120E-003,0.000000000000000E+000)
 (-2.717651064304981E-004,0.000000000000000E+000)
 (-4.111729600775884E-003,0.000000000000000E+000)
 (3.041513368069323E-002,0.000000000000000E+000)
 (6.242122343567319E-016,0.000000000000000E+000)
 (1.458051582507408E-003,0.000000000000000E+000)
 (-1.702096965575238E-003,0.000000000000000E+000)
 (4.144248449532056E-003,0.000000000000000E+000)
 (-4.127350282447542E-004,0.000000000000000E+000)
 (-1.169915571951109E-003,0.000000000000000E+000)
 (-3.222484169464656E-003,0.000000000000000E+000)
 (-6.828544559147923E-004,0.000000000000000E+000)
 (9.197438824587121E-003,0.000000000000000E+000)
 (-6.372426540895868E-003,0.000000000000000E+000)
 (-2.379577175037874E-002,0.000000000000000E+000)
 (1.190069419602466E-002,0.000000000000000E+000)
 (7.648033935188453E-003,0.000000000000000E+000)
 (2.380509816629599E-002,0.000000000000000E+000)
 (-9.322850982485139E-003,0.000000000000000E+000)
 (8.548640907979367E-004,0.000000000000000E+000)
 (-5.835987713374688E-009,0.000000000000000E+000)
 (5.516282459753043E-003,0.000000000000000E+000)
 (-1.777791999563351E-002,0.000000000000000E+000)
 (-2.018527338365690E-002,0.000000000000000E+000)
 (6.561739577149576E-003,0.000000000000000E+000)
 (1.802371018851273E-002,0.000000000000000E+000)
 (2.018529898593711E-002,0.000000000000000E+000)
 (-1.687160356210231E-002,0.000000000000000E+000)
 (-1.458051582505910E-003,0.000000000000000E+000)
 (4.690738275718779E-016,0.000000000000000E+000)
 (-4.855800681283641E-003,0.000000000000000E+000)
 (7.044782412335992E-003,0.000000000000000E+000)
 (7.046303398671763E-003,0.000000000000000E+000)
 (-4.059517398958290E-003,0.000000000000000E+000)
 (-7.856760364490522E-003,0.000000000000000E+000)
 (-7.046302929394550E-003,0.000000000000000E+000)
 (-6.833941493786779E-003,0.000000000000000E+000)
 (1.647982297928512E-002,0.000000000000000E+000)
 (2.998099082979239E-002,0.000000000000000E+000)
 (4.728486714969023E-004,0.000000000000000E+000)
 (2.399521906917169E-002,0.000000000000000E+000)
 (-7.901344804689788E-003,0.000000000000000E+000)
 (1.147753012704240E-003,0.000000000000000E+000)
 (-6.503730018203795E-003,0.000000000000000E+000)
 (-5.516289896494457E-003,0.000000000000000E+000)
 (-1.024181861945443E-008,0.000000000000000E+000)
 (-2.639534254021483E-003,0.000000000000000E+000)
 (-3.921091504444668E-003,0.000000000000000E+000)
 (1.768621061511956E-003,0.000000000000000E+000)
 (-4.819972160738529E-003,0.000000000000000E+000)
 (-1.232810113229482E-002,0.000000000000000E+000)
 (-1.285675163052766E-003,0.000000000000000E+000)
 (1.702096965575843E-003,0.000000000000000E+000)
 (4.855800681284450E-003,0.000000000000000E+000)
 (4.443589451666865E-016,0.000000000000000E+000)
 (-3.041513365027281E-002,0.000000000000000E+000)
 (-9.698511036934317E-003,0.000000000000000E+000)
 (4.651771769912065E-003,0.000000000000000E+000)
 (3.645513640360963E-003,0.000000000000000E+000)
 (4.774396503659139E-003,0.000000000000000E+000)
 (-2.602705375053739E-002,0.000000000000000E+000)
 (4.944902652698339E-003,0.000000000000000E+000)
 (-1.148740543608068E-002,0.000000000000000E+000)
 (-1.276858981593909E-002,0.000000000000000E+000)
 (1.533677632252714E-003,0.000000000000000E+000)
 (-2.933606734089847E-002,0.000000000000000E+000)
 (4.953931092103866E-003,0.000000000000000E+000)
 (-1.845991569924607E-003,0.000000000000000E+000)
 (1.777795246527491E-002,0.000000000000000E+000)
 (2.639547155245434E-003,0.000000000000000E+000)
 (-1.857943778762409E-008,0.000000000000000E+000)
 (8.501259989328972E-003,0.000000000000000E+000)
 (6.637729850840961E-003,0.000000000000000E+000)
 (-1.070347938060558E-003,0.000000000000000E+000)
 (1.469446532305164E-002,0.000000000000000E+000)
 (-4.524568333653578E-003,0.000000000000000E+000)
 (-4.144248449531882E-003,0.000000000000000E+000)
 (-7.044782412335659E-003,0.000000000000000E+000)
 (3.041513365027345E-002,0.000000000000000E+000)
 (3.133992586297115E-016,0.000000000000000E+000)
 (1.388221141115035E-002,0.000000000000000E+000)
 (-2.581152644995649E-003,0.000000000000000E+000)
 (7.781524840721075E-004,0.000000000000000E+000)
 (-7.444025709105175E-003,0.000000000000000E+000)
 (9.199638361357825E-004,0.000000000000000E+000)
 (1.115143030449071E-002,0.000000000000000E+000)
 (-2.379576988589403E-002,0.000000000000000E+000)
 (-1.257373700352524E-002,0.000000000000000E+000)
 (6.482286919880783E-003,0.000000000000000E+000)
 (2.380509869534643E-002,0.000000000000000E+000)
 (-1.888986084884270E-002,0.000000000000000E+000)
 (-3.329222892281075E-003,0.000000000000000E+000)
 (2.018529848865213E-002,0.000000000000000E+000)
 (3.921090928866493E-003,0.000000000000000E+000)
 (-8.501258798359078E-003,0.000000000000000E+000)
 (-5.611887325161127E-009,0.000000000000000E+000)
 (1.263798770735290E-002,0.000000000000000E+000)
 (1.366620059272960E-002,0.000000000000000E+000)
 (-2.018527408434832E-002,0.000000000000000E+000)
 (8.833913736455389E-003,0.000000000000000E+000)
 (4.127350282441331E-004,0.000000000000000E+000)
 (-7.046303398672223E-003,0.000000000000000E+000)
 (9.698511036933095E-003,0.000000000000000E+000)
 (-1.388221141115125E-002,0.000000000000000E+000)
 (4.282128263785695E-016,0.000000000000000E+000)
 (-3.673060425175718E-003,0.000000000000000E+000)
 (-7.727637606144405E-003,0.000000000000000E+000)
 (7.046302561839205E-003,0.000000000000000E+000)
 (-2.133881280898690E-003,0.000000000000000E+000)
 (2.874063568557380E-002,0.000000000000000E+000)
 (-5.042113667965388E-003,0.000000000000000E+000)
 (6.129743308648546E-003,0.000000000000000E+000)
 (1.603460078581336E-002,0.000000000000000E+000)
 (2.935645567329036E-002,0.000000000000000E+000)
 (4.265063267420985E-004,0.000000000000000E+000)
 (-7.412599582514744E-003,0.000000000000000E+000)
 (-6.561730572754913E-003,0.000000000000000E+000)
 (-1.768636004767845E-003,0.000000000000000E+000)
 (-6.637712583795432E-003,0.000000000000000E+000)
 (-1.263801296641895E-002,0.000000000000000E+000)
 (-1.187665095451421E-008,0.000000000000000E+000)
 (-2.639546592782020E-003,0.000000000000000E+000)
 (-5.401761753728619E-003,0.000000000000000E+000)
 (2.207439810155945E-003,0.000000000000000E+000)
 (1.169915571950386E-003,0.000000000000000E+000)
 (4.059517398957601E-003,0.000000000000000E+000)
 (-4.651771769911725E-003,0.000000000000000E+000)
 (2.581152644996242E-003,0.000000000000000E+000)
 (3.673060425175015E-003,0.000000000000000E+000)
 (6.289340912118207E-016,0.000000000000000E+000)
 (-3.041513408979918E-002,0.000000000000000E+000)
 (-7.173092517334684E-003,0.000000000000000E+000)
 (-1.376624043535148E-002,0.000000000000000E+000)
 (2.448400834409480E-004,0.000000000000000E+000)
 (3.170800384579704E-002,0.000000000000000E+000)
 (-2.072920959252021E-002,0.000000000000000E+000)
 (-4.123216329042577E-003,0.000000000000000E+000)
 (7.825269470503098E-003,0.000000000000000E+000)
 (4.045101959144493E-003,0.000000000000000E+000)
 (2.717674345437059E-004,0.000000000000000E+000)
 (-1.802368000749940E-002,0.000000000000000E+000)
 (4.819952254154880E-003,0.000000000000000E+000)
 (1.070400145201279E-003,0.000000000000000E+000)
 (-1.366622426826086E-002,0.000000000000000E+000)
 (2.639531916702912E-003,0.000000000000000E+000)
 (-1.767052184530237E-008,0.000000000000000E+000)
 (-7.646397107945757E-003,0.000000000000000E+000)
 (-5.056750191955967E-003,0.000000000000000E+000)
 (3.222484169464677E-003,0.000000000000000E+000)
 (7.856760364490588E-003,0.000000000000000E+000)
 (-3.645513640361342E-003,0.000000000000000E+000)
 (-7.781524840724648E-004,0.000000000000000E+000)
 (7.727637606144958E-003,0.000000000000000E+000)
 (3.041513408979873E-002,0.000000000000000E+000)
 (1.389885068813822E-016,0.000000000000000E+000)
 (-1.534026191248888E-002,0.000000000000000E+000)
 (-1.011740444024404E-002,0.000000000000000E+000)
 (-4.779003048338822E-003,0.000000000000000E+000)
 (-2.379577542732679E-002,0.000000000000000E+000)
 (6.730431244933968E-004,0.000000000000000E+000)
 (-1.413031967859367E-002,0.000000000000000E+000)
 (2.380510129835302E-002,0.000000000000000E+000)
 (-1.815427146245839E-002,0.000000000000000E+000)
 (4.111719471365373E-003,0.000000000000000E+000)
 (-2.018527374376706E-002,0.000000000000000E+000)
 (1.232812297455170E-002,0.000000000000000E+000)
 (-1.469448870865430E-002,0.000000000000000E+000)
 (2.018529924658995E-002,0.000000000000000E+000)
 (5.401760799476287E-003,0.000000000000000E+000)
 (7.646395692014378E-003,0.000000000000000E+000)
 (-5.031966786478816E-009,0.000000000000000E+000)
 (8.528861425462532E-003,0.000000000000000E+000)
 (6.828544559139171E-004,0.000000000000000E+000)
 (7.046302929394076E-003,0.000000000000000E+000)
 (-4.774396503658727E-003,0.000000000000000E+000)
 (7.444025709105740E-003,0.000000000000000E+000)
 (-7.046302561839599E-003,0.000000000000000E+000)
 (7.173092517336077E-003,0.000000000000000E+000)
 (1.534026191248826E-002,0.000000000000000E+000)
 (4.356359120431359E-016,0.000000000000000E+000)
